Supplemental results for CODEML (seqf: VOG01059.pal2nal  treef: collapsed_otu5.nwk)


pairwise comparison (Goldman & Yang 1994)
seq seq        N       S       dN       dS     dN/dS   Paras.
  2   1    367.8    139.2   0.0055   0.0772   0.0714   0.0756   0.0714  -730.157
  3   1    367.8    139.2   0.0055   0.0772   0.0714   0.0756   0.0714  -730.157
  3   2    368.3    138.7   0.0000   0.0000   0.7891   0.0000   0.7891  -668.198
  4   1    367.4    139.6   0.0000   0.0000   0.8472   0.0000   0.8472  -667.463
  4   2    367.8    139.2   0.0055   0.0772   0.0714   0.0756   0.0714  -730.157
  4   3    367.8    139.2   0.0055   0.0772   0.0714   0.0756   0.0714  -730.157
  5   1    368.3    138.7   0.0083   0.0774   0.1070   0.0816   0.1070  -736.474
  5   2    368.8    138.2   0.0027   0.0000  99.0000   0.0060  99.0000  -676.474
  5   3    368.8    138.2   0.0027   0.0000  99.0000   0.0060  99.0000  -676.474
  5   4    368.3    138.7   0.0083   0.0774   0.1070   0.0816   0.1070  -736.474
  6   1    367.8    139.2   0.0055   0.0772   0.0714   0.0756   0.0714  -730.157
  6   2    368.3    138.7   0.0000   0.0000   0.7405   0.0000   0.7405  -668.198
  6   3    368.3    138.7   0.0000   0.0000   0.7516   0.0000   0.7516  -668.198
  6   4    367.8    139.2   0.0055   0.0772   0.0714   0.0756   0.0714  -730.157
  6   5    368.8    138.2   0.0027   0.0000  99.0000   0.0060  99.0000  -676.474
  7   1    368.3    138.7   0.0111   0.1102   0.1004   0.1146   0.1004  -755.002
  7   2    368.9    138.1   0.0110   0.0378   0.2923   0.0550   0.2923  -722.393
  7   3    368.9    138.1   0.0110   0.0378   0.2923   0.0550   0.2923  -722.393
  7   4    368.3    138.7   0.0111   0.1102   0.1004   0.1146   0.1004  -755.002
  7   5    369.3    137.7   0.0138   0.0379   0.3650   0.0611   0.3650  -728.157
  7   6    368.9    138.1   0.0110   0.0378   0.2923   0.0550   0.2923  -722.393
  8   1    367.8    139.2   0.0055   0.0772   0.0714   0.0756   0.0714  -730.157
  8   2    368.3    138.7   0.0000   0.0000   0.7629   0.0000   0.7629  -668.198
  8   3    368.3    138.7   0.0000   0.0000   0.9822   0.0000   0.9822  -668.198
  8   4    367.8    139.2   0.0055   0.0772   0.0714   0.0756   0.0714  -730.157
  8   5    368.8    138.2   0.0027   0.0000  99.0000   0.0060  99.0000  -676.474
  8   6    368.3    138.7   0.0000   0.0000   0.7428   0.0000   0.7428  -668.198
  8   7    368.9    138.1   0.0110   0.0378   0.2923   0.0550   0.2923  -722.393
  9   1    367.8    139.2   0.0055   0.0772   0.0714   0.0756   0.0714  -730.157
  9   2    368.3    138.7   0.0000   0.0000   0.7275   0.0000   0.7275  -668.198
  9   3    368.3    138.7   0.0000   0.0000   0.7364   0.0000   0.7364  -668.198
  9   4    367.8    139.2   0.0055   0.0772   0.0714   0.0756   0.0714  -730.157
  9   5    368.8    138.2   0.0027   0.0000  99.0000   0.0060  99.0000  -676.474
  9   6    368.3    138.7   0.0000   0.0000   0.8991   0.0000   0.8991  -668.198
  9   7    368.9    138.1   0.0110   0.0378   0.2923   0.0550   0.2923  -722.393
  9   8    368.3    138.7   0.0000   0.0000   0.6245   0.0000   0.6245  -668.198
 10   1    369.5    137.5   0.0138   0.0698   0.1982   0.0870   0.1982  -739.908
 10   2    370.0    137.0   0.0138   0.0624   0.2211   0.0808   0.2211  -737.188
 10   3    370.0    137.0   0.0138   0.0624   0.2211   0.0808   0.2211  -737.188
 10   4    369.5    137.5   0.0138   0.0698   0.1982   0.0870   0.1982  -739.908
 10   5    370.4    136.6   0.0166   0.0626   0.2649   0.0869   0.2649  -742.716
 10   6    370.0    137.0   0.0138   0.0624   0.2211   0.0808   0.2211  -737.188
 10   7    370.5    136.5   0.0194   0.0704   0.2754   0.0994   0.2754  -752.102
 10   8    370.0    137.0   0.0138   0.0624   0.2211   0.0808   0.2211  -737.188
 10   9    370.0    137.0   0.0138   0.0624   0.2211   0.0808   0.2211  -737.188
 11   1    367.2    139.8   0.0111   0.1091   0.1019   0.1144   0.1019  -755.995
 11   2    367.7    139.3   0.0111   0.0297   0.3751   0.0486   0.3751  -718.227
 11   3    367.7    139.3   0.0111   0.0297   0.3751   0.0486   0.3751  -718.227
 11   4    367.2    139.8   0.0111   0.1091   0.1019   0.1144   0.1019  -755.995
 11   5    368.1    138.9   0.0139   0.0297   0.4688   0.0548   0.4688  -723.964
 11   6    367.7    139.3   0.0111   0.0297   0.3751   0.0486   0.3751  -718.227
 11   7    368.2    138.8   0.0167   0.0529   0.3164   0.0799   0.3164  -740.110
 11   8    367.7    139.3   0.0111   0.0297   0.3751   0.0486   0.3751  -718.227
 11   9    367.7    139.3   0.0111   0.0297   0.3751   0.0486   0.3751  -718.227
 11  10    369.3    137.7   0.0195   0.0945   0.2064   0.1196   0.2064  -762.315
 12   1    367.4    139.6   0.0000   0.0000   0.9511   0.0000   0.9511  -667.463
 12   2    367.8    139.2   0.0055   0.0772   0.0714   0.0756   0.0714  -730.157
 12   3    367.8    139.2   0.0055   0.0772   0.0714   0.0756   0.0714  -730.157
 12   4    367.4    139.6   0.0000   0.0000   0.6915   0.0000   0.6915  -667.463
 12   5    368.3    138.7   0.0083   0.0774   0.1070   0.0816   0.1070  -736.474
 12   6    367.8    139.2   0.0055   0.0772   0.0714   0.0756   0.0714  -730.157
 12   7    368.3    138.7   0.0111   0.1102   0.1004   0.1146   0.1004  -755.002
 12   8    367.8    139.2   0.0055   0.0772   0.0714   0.0756   0.0714  -730.157
 12   9    367.8    139.2   0.0055   0.0772   0.0714   0.0756   0.0714  -730.157
 12  10    369.5    137.5   0.0138   0.0698   0.1982   0.0870   0.1982  -739.908
 12  11    367.2    139.8   0.0111   0.1091   0.1019   0.1144   0.1019  -755.995
 13   1    367.4    139.6   0.0028   0.0610   0.0451   0.0564   0.0451  -713.337
 13   2    367.9    139.1   0.0083   0.0537   0.1541   0.0623   0.1541  -722.795
 13   3    367.9    139.1   0.0083   0.0537   0.1541   0.0623   0.1541  -722.795
 13   4    367.4    139.6   0.0028   0.0610   0.0451   0.0564   0.0451  -713.337
 13   5    368.3    138.7   0.0111   0.0539   0.2052   0.0683   0.2052  -728.798
 13   6    367.9    139.1   0.0083   0.0537   0.1541   0.0623   0.1541  -722.795
 13   7    368.3    138.7   0.0139   0.0778   0.1780   0.0941   0.1780  -745.109
 13   8    367.9    139.1   0.0083   0.0537   0.1541   0.0623   0.1541  -722.795
 13   9    367.9    139.1   0.0083   0.0537   0.1541   0.0623   0.1541  -722.795
 13  10    369.5    137.5   0.0110   0.0384   0.2875   0.0553   0.2875  -717.059
 13  11    367.2    139.8   0.0139   0.0852   0.1633   0.1008   0.1633  -749.201
 13  12    367.4    139.6   0.0028   0.0610   0.0451   0.0564   0.0451  -713.337
 14   1    368.3    138.7   0.0083   0.0774   0.1069   0.0816   0.1069  -736.537
 14   2    368.8    138.2   0.0027   0.0000  99.0000   0.0060  99.0000  -676.566
 14   3    368.8    138.2   0.0027   0.0000  99.0000   0.0060  99.0000  -676.566
 14   4    368.3    138.7   0.0083   0.0774   0.1069   0.0816   0.1069  -736.537
 14   5    369.2    137.8   0.0055   0.0001  99.0000   0.0120  99.0000  -683.424
 14   6    368.8    138.2   0.0027   0.0000  99.0000   0.0060  99.0000  -676.566
 14   7    369.3    137.7   0.0138   0.0379   0.3646   0.0611   0.3646  -728.224
 14   8    368.8    138.2   0.0027   0.0000  99.0000   0.0060  99.0000  -676.566
 14   9    368.8    138.2   0.0027   0.0000  99.0000   0.0060  99.0000  -676.566
 14  10    370.4    136.6   0.0166   0.0626   0.2647   0.0869   0.2647  -742.781
 14  11    368.1    138.9   0.0139   0.0297   0.4684   0.0548   0.4684  -724.031
 14  12    368.3    138.7   0.0083   0.0774   0.1069   0.0816   0.1069  -736.537
 14  13    368.3    138.7   0.0111   0.0539   0.2050   0.0683   0.2050  -728.863
 15   1    368.3    138.7   0.0083   0.0774   0.1069   0.0816   0.1069  -736.537
 15   2    368.8    138.2   0.0027   0.0000  99.0000   0.0060  99.0000  -676.566
 15   3    368.8    138.2   0.0027   0.0000  99.0000   0.0060  99.0000  -676.566
 15   4    368.3    138.7   0.0083   0.0774   0.1069   0.0816   0.1069  -736.537
 15   5    369.2    137.8   0.0055   0.0001  99.0000   0.0120  99.0000  -683.424
 15   6    368.8    138.2   0.0027   0.0000  99.0000   0.0060  99.0000  -676.566
 15   7    369.3    137.7   0.0138   0.0379   0.3646   0.0611   0.3646  -728.224
 15   8    368.8    138.2   0.0027   0.0000  99.0000   0.0060  99.0000  -676.566
 15   9    368.8    138.2   0.0027   0.0000  99.0000   0.0060  99.0000  -676.566
 15  10    370.4    136.6   0.0166   0.0626   0.2647   0.0869   0.2647  -742.781
 15  11    368.1    138.9   0.0139   0.0297   0.4684   0.0548   0.4684  -724.031
 15  12    368.3    138.7   0.0083   0.0774   0.1069   0.0816   0.1069  -736.537
 15  13    368.3    138.7   0.0111   0.0539   0.2050   0.0683   0.2050  -728.863
 15  14    369.2    137.8   0.0000   0.0000   1.0118   0.0000   1.0118  -669.229
 16   1    367.4    139.6   0.0000   0.0000   0.7358   0.0000   0.7358  -667.463
 16   2    367.8    139.2   0.0055   0.0772   0.0714   0.0756   0.0714  -730.157
 16   3    367.8    139.2   0.0055   0.0772   0.0714   0.0756   0.0714  -730.157
 16   4    367.4    139.6   0.0000   0.0000   0.8335   0.0000   0.8335  -667.463
 16   5    368.3    138.7   0.0083   0.0774   0.1070   0.0816   0.1070  -736.474
 16   6    367.8    139.2   0.0055   0.0772   0.0714   0.0756   0.0714  -730.157
 16   7    368.3    138.7   0.0111   0.1102   0.1004   0.1146   0.1004  -755.002
 16   8    367.8    139.2   0.0055   0.0772   0.0714   0.0756   0.0714  -730.157
 16   9    367.8    139.2   0.0055   0.0772   0.0714   0.0756   0.0714  -730.157
 16  10    369.5    137.5   0.0138   0.0698   0.1982   0.0870   0.1982  -739.908
 16  11    367.2    139.8   0.0111   0.1091   0.1019   0.1144   0.1019  -755.995
 16  12    367.4    139.6   0.0000   0.0000   0.8315   0.0000   0.8315  -667.463
 16  13    367.4    139.6   0.0028   0.0610   0.0451   0.0564   0.0451  -713.337
 16  14    368.3    138.7   0.0083   0.0774   0.1069   0.0816   0.1069  -736.537
 16  15    368.3    138.7   0.0083   0.0774   0.1069   0.0816   0.1069  -736.537
 17   1    367.4    139.6   0.0000   0.0000   0.0010   0.0000   0.0010  -667.463
 17   2    367.8    139.2   0.0055   0.0772   0.0714   0.0756   0.0714  -730.157
 17   3    367.8    139.2   0.0055   0.0772   0.0714   0.0756   0.0714  -730.157
 17   4    367.4    139.6   0.0000   0.0000   0.7591   0.0000   0.7591  -667.463
 17   5    368.3    138.7   0.0083   0.0774   0.1070   0.0816   0.1070  -736.474
 17   6    367.8    139.2   0.0055   0.0772   0.0714   0.0756   0.0714  -730.157
 17   7    368.3    138.7   0.0111   0.1102   0.1004   0.1146   0.1004  -755.002
 17   8    367.8    139.2   0.0055   0.0772   0.0714   0.0756   0.0714  -730.157
 17   9    367.8    139.2   0.0055   0.0772   0.0714   0.0756   0.0714  -730.157
 17  10    369.5    137.5   0.0138   0.0698   0.1982   0.0870   0.1982  -739.908
 17  11    367.2    139.8   0.0111   0.1091   0.1019   0.1144   0.1019  -755.995
 17  12    367.4    139.6   0.0000   0.0000   0.8718   0.0000   0.8718  -667.463
 17  13    367.4    139.6   0.0028   0.0610   0.0451   0.0564   0.0451  -713.337
 17  14    368.3    138.7   0.0083   0.0774   0.1069   0.0816   0.1069  -736.537
 17  15    368.3    138.7   0.0083   0.0774   0.1069   0.0816   0.1069  -736.537
 17  16    367.4    139.6   0.0000   0.0000   0.9684   0.0000   0.9684  -667.463
 18   1    369.5    137.5   0.0138   0.0698   0.1982   0.0870   0.1982  -739.908
 18   2    370.0    137.0   0.0138   0.0624   0.2211   0.0808   0.2211  -737.188
 18   3    370.0    137.0   0.0138   0.0624   0.2211   0.0808   0.2211  -737.188
 18   4    369.5    137.5   0.0138   0.0698   0.1982   0.0870   0.1982  -739.908
 18   5    370.4    136.6   0.0166   0.0626   0.2649   0.0869   0.2649  -742.716
 18   6    370.0    137.0   0.0138   0.0624   0.2211   0.0808   0.2211  -737.188
 18   7    370.5    136.5   0.0194   0.0704   0.2754   0.0994   0.2754  -752.102
 18   8    370.0    137.0   0.0138   0.0624   0.2211   0.0808   0.2211  -737.188
 18   9    370.0    137.0   0.0138   0.0624   0.2211   0.0808   0.2211  -737.188
 18  10    371.6    135.4   0.0000   0.0000   0.8386   0.0000   0.8386  -664.369
 18  11    369.3    137.7   0.0195   0.0945   0.2064   0.1196   0.2064  -762.315
 18  12    369.5    137.5   0.0138   0.0698   0.1982   0.0870   0.1982  -739.908
 18  13    369.5    137.5   0.0110   0.0384   0.2875   0.0553   0.2875  -717.059
 18  14    370.4    136.6   0.0166   0.0626   0.2647   0.0869   0.2647  -742.781
 18  15    370.4    136.6   0.0166   0.0626   0.2647   0.0869   0.2647  -742.781
 18  16    369.5    137.5   0.0138   0.0698   0.1982   0.0870   0.1982  -739.908
 18  17    369.5    137.5   0.0138   0.0698   0.1982   0.0870   0.1982  -739.908
 19   1    367.3    139.7   0.0028   0.0530   0.0519   0.0498   0.0519  -710.265
 19   2    367.7    139.3   0.0083   0.0378   0.2189   0.0492   0.2189  -714.849
 19   3    367.7    139.3   0.0083   0.0378   0.2189   0.0492   0.2189  -714.849
 19   4    367.3    139.7   0.0028   0.0530   0.0519   0.0498   0.0519  -710.265
 19   5    368.2    138.8   0.0111   0.0380   0.2914   0.0553   0.2914  -720.857
 19   6    367.7    139.3   0.0083   0.0378   0.2189   0.0492   0.2189  -714.849
 19   7    368.1    138.9   0.0139   0.0777   0.1784   0.0940   0.1784  -745.748
 19   8    367.7    139.3   0.0083   0.0378   0.2189   0.0492   0.2189  -714.849
 19   9    367.7    139.3   0.0083   0.0378   0.2189   0.0492   0.2189  -714.849
 19  10    369.4    137.6   0.0110   0.0383   0.2881   0.0553   0.2881  -717.703
 19  11    367.1    139.9   0.0139   0.0687   0.2027   0.0872   0.2027  -742.330
 19  12    367.3    139.7   0.0028   0.0530   0.0519   0.0498   0.0519  -710.265
 19  13    367.4    139.6   0.0000   0.0148   0.0010   0.0123   0.0010  -678.437
 19  14    368.2    138.8   0.0111   0.0380   0.2911   0.0553   0.2911  -720.923
 19  15    368.2    138.8   0.0111   0.0380   0.2911   0.0553   0.2911  -720.923
 19  16    367.3    139.7   0.0028   0.0530   0.0519   0.0498   0.0519  -710.265
 19  17    367.3    139.7   0.0028   0.0530   0.0519   0.0498   0.0519  -710.265
 19  18    369.4    137.6   0.0110   0.0383   0.2881   0.0553   0.2881  -717.703
 20   1    368.1    138.9   0.0083   0.1184   0.0702   0.1154   0.0702  -752.898
 20   2    368.6    138.4   0.0139   0.0454   0.3059   0.0675   0.3059  -731.544
 20   3    368.6    138.4   0.0139   0.0454   0.3059   0.0675   0.3059  -731.544
 20   4    368.1    138.9   0.0083   0.1184   0.0702   0.1154   0.0702  -752.898
 20   5    369.0    138.0   0.0167   0.0455   0.3667   0.0736   0.3667  -737.042
 20   6    368.6    138.4   0.0139   0.0454   0.3059   0.0675   0.3059  -731.544
 20   7    369.1    137.9   0.0195   0.0531   0.3679   0.0860   0.3679  -746.820
 20   8    368.6    138.4   0.0139   0.0454   0.3059   0.0675   0.3059  -731.544
 20   9    368.6    138.4   0.0139   0.0454   0.3059   0.0675   0.3059  -731.544
 20  10    370.2    136.8   0.0196   0.0779   0.2518   0.1060   0.2518  -755.493
 20  11    367.9    139.1   0.0196   0.0606   0.3236   0.0926   0.3236  -750.407
 20  12    368.1    138.9   0.0083   0.1184   0.0702   0.1154   0.0702  -752.898
 20  13    368.1    138.9   0.0083   0.0857   0.0970   0.0886   0.0970  -737.301
 20  14    369.0    138.0   0.0167   0.0456   0.3663   0.0736   0.3663  -737.109
 20  15    369.0    138.0   0.0167   0.0456   0.3663   0.0736   0.3663  -737.109
 20  16    368.1    138.9   0.0083   0.1184   0.0702   0.1154   0.0702  -752.898
 20  17    368.1    138.9   0.0083   0.1184   0.0702   0.1154   0.0702  -752.898
 20  18    370.2    136.8   0.0196   0.0779   0.2518   0.1060   0.2518  -755.493
 20  19    368.0    139.0   0.0083   0.0856   0.0972   0.0885   0.0972  -737.911
 21   1    369.2    137.8   0.0083   0.0616   0.1342   0.0683   0.1342  -726.176
 21   2    369.7    137.3   0.0082   0.0461   0.1787   0.0555   0.1787  -718.619
 21   3    369.7    137.3   0.0082   0.0461   0.1787   0.0555   0.1787  -718.619
 21   4    369.2    137.8   0.0083   0.0616   0.1342   0.0683   0.1342  -726.176
 21   5    370.1    136.9   0.0110   0.0463   0.2379   0.0616   0.2379  -724.621
 21   6    369.7    137.3   0.0082   0.0461   0.1787   0.0555   0.1787  -718.619
 21   7    370.2    136.8   0.0138   0.0703   0.1963   0.0871   0.1963  -742.684
 21   8    369.7    137.3   0.0082   0.0461   0.1787   0.0555   0.1787  -718.619
 21   9    369.7    137.3   0.0082   0.0461   0.1787   0.0555   0.1787  -718.619
 21  10    371.3    135.7   0.0055   0.0153   0.3572   0.0243   0.3572  -692.257
 21  11    369.0    138.0   0.0139   0.0776   0.1788   0.0936   0.1788  -745.525
 21  12    369.2    137.8   0.0083   0.0616   0.1342   0.0683   0.1342  -726.176
 21  13    369.2    137.8   0.0055   0.0383   0.1434   0.0432   0.1434  -706.197
 21  14    370.1    136.9   0.0110   0.0463   0.2377   0.0616   0.2377  -724.686
 21  15    370.1    136.9   0.0110   0.0463   0.2377   0.0616   0.2377  -724.686
 21  16    369.2    137.8   0.0083   0.0616   0.1342   0.0683   0.1342  -726.176
 21  17    369.2    137.8   0.0083   0.0616   0.1342   0.0683   0.1342  -726.176
 21  18    371.3    135.7   0.0055   0.0153   0.3572   0.0243   0.3572  -692.257
 21  19    369.1    137.9   0.0055   0.0227   0.2424   0.0305   0.2424  -697.371
 21  20    369.9    137.1   0.0139   0.0780   0.1784   0.0937   0.1784  -746.023
 22   1    367.8    139.2   0.0083   0.1101   0.0755   0.1088   0.0755  -750.899
 22   2    368.3    138.7   0.0083   0.0300   0.2767   0.0427   0.2767  -710.972
 22   3    368.3    138.7   0.0083   0.0300   0.2767   0.0427   0.2767  -710.972
 22   4    367.8    139.2   0.0083   0.1101   0.0755   0.1088   0.0755  -750.899
 22   5    368.7    138.3   0.0111   0.0301   0.3686   0.0488   0.3686  -716.925
 22   6    368.3    138.7   0.0083   0.0300   0.2767   0.0427   0.2767  -710.972
 22   7    368.8    138.2   0.0195   0.0693   0.2814   0.0992   0.2814  -754.059
 22   8    368.3    138.7   0.0083   0.0300   0.2767   0.0427   0.2767  -710.972
 22   9    368.3    138.7   0.0083   0.0300   0.2767   0.0427   0.2767  -710.972
 22  10    369.9    137.1   0.0195   0.0949   0.2060   0.1197   0.2060  -762.477
 22  11    367.6    139.4   0.0139   0.0605   0.2305   0.0802   0.2305  -740.225
 22  12    367.8    139.2   0.0083   0.1101   0.0755   0.1088   0.0755  -750.899
 22  13    367.8    139.2   0.0083   0.0859   0.0968   0.0889   0.0968  -738.225
 22  14    368.7    138.3   0.0111   0.0301   0.3683   0.0488   0.3683  -717.015
 22  15    368.7    138.3   0.0111   0.0301   0.3683   0.0488   0.3683  -717.015
 22  16    367.8    139.2   0.0083   0.1101   0.0755   0.1088   0.0755  -750.899
 22  17    367.8    139.2   0.0083   0.1101   0.0755   0.1088   0.0755  -750.899
 22  18    369.9    137.1   0.0195   0.0949   0.2060   0.1197   0.2060  -762.477
 22  19    367.7    139.3   0.0083   0.0693   0.1203   0.0752   0.1203  -731.376
 22  20    368.5    138.5   0.0111   0.0457   0.2423   0.0616   0.2423  -724.679
 22  21    369.6    137.4   0.0139   0.0781   0.1781   0.0939   0.1781  -745.397
 23   1    369.5    137.5   0.0138   0.0698   0.1982   0.0870   0.1982  -739.908
 23   2    370.0    137.0   0.0138   0.0624   0.2211   0.0808   0.2211  -737.188
 23   3    370.0    137.0   0.0138   0.0624   0.2211   0.0808   0.2211  -737.188
 23   4    369.5    137.5   0.0138   0.0698   0.1982   0.0870   0.1982  -739.908
 23   5    370.4    136.6   0.0166   0.0626   0.2649   0.0869   0.2649  -742.716
 23   6    370.0    137.0   0.0138   0.0624   0.2211   0.0808   0.2211  -737.188
 23   7    370.5    136.5   0.0194   0.0704   0.2754   0.0994   0.2754  -752.102
 23   8    370.0    137.0   0.0138   0.0624   0.2211   0.0808   0.2211  -737.188
 23   9    370.0    137.0   0.0138   0.0624   0.2211   0.0808   0.2211  -737.188
 23  10    371.6    135.4   0.0000   0.0000   0.7868   0.0000   0.7868  -664.369
 23  11    369.3    137.7   0.0195   0.0945   0.2064   0.1196   0.2064  -762.315
 23  12    369.5    137.5   0.0138   0.0698   0.1982   0.0870   0.1982  -739.908
 23  13    369.5    137.5   0.0110   0.0384   0.2875   0.0553   0.2875  -717.059
 23  14    370.4    136.6   0.0166   0.0626   0.2647   0.0869   0.2647  -742.781
 23  15    370.4    136.6   0.0166   0.0626   0.2647   0.0869   0.2647  -742.781
 23  16    369.5    137.5   0.0138   0.0698   0.1982   0.0870   0.1982  -739.908
 23  17    369.5    137.5   0.0138   0.0698   0.1982   0.0870   0.1982  -739.908
 23  18    371.6    135.4   0.0000   0.0000   0.6279   0.0000   0.6279  -664.369
 23  19    369.4    137.6   0.0110   0.0383   0.2881   0.0553   0.2881  -717.703
 23  20    370.2    136.8   0.0196   0.0779   0.2518   0.1060   0.2518  -755.493
 23  21    371.3    135.7   0.0055   0.0153   0.3572   0.0243   0.3572  -692.257
 23  22    369.9    137.1   0.0195   0.0949   0.2060   0.1197   0.2060  -762.477
 24   1    367.9    139.1   0.0027   0.0770   0.0357   0.0694   0.0357  -724.203
 24   2    368.4    138.6   0.0027   0.0149   0.1845   0.0182   0.1845  -689.864
 24   3    368.4    138.6   0.0027   0.0149   0.1845   0.0182   0.1845  -689.864
 24   4    367.9    139.1   0.0027   0.0770   0.0357   0.0694   0.0357  -724.203
 24   5    368.9    138.1   0.0055   0.0149   0.3683   0.0242   0.3683  -696.753
 24   6    368.4    138.6   0.0027   0.0149   0.1845   0.0182   0.1845  -689.864
 24   7    369.0    138.0   0.0083   0.0379   0.2179   0.0490   0.2179  -715.075
 24   8    368.4    138.6   0.0027   0.0149   0.1845   0.0182   0.1845  -689.864
 24   9    368.4    138.6   0.0027   0.0149   0.1845   0.0182   0.1845  -689.864
 24  10    370.0    137.0   0.0110   0.0623   0.1769   0.0746   0.1769  -732.331
 24  11    367.8    139.2   0.0083   0.0298   0.2792   0.0426   0.2792  -710.879
 24  12    367.9    139.1   0.0027   0.0770   0.0357   0.0694   0.0357  -724.203
 24  13    367.9    139.1   0.0055   0.0536   0.1028   0.0561   0.1028  -717.378
 24  14    368.9    138.1   0.0055   0.0149   0.3680   0.0242   0.3680  -696.821
 24  15    368.9    138.1   0.0055   0.0149   0.3680   0.0242   0.3680  -696.821
 24  16    367.9    139.1   0.0027   0.0770   0.0357   0.0694   0.0357  -724.203
 24  17    367.9    139.1   0.0027   0.0770   0.0357   0.0694   0.0357  -724.203
 24  18    370.0    137.0   0.0110   0.0623   0.1769   0.0746   0.1769  -732.331
 24  19    367.8    139.2   0.0055   0.0378   0.1460   0.0431   0.1460  -709.428
 24  20    368.6    138.4   0.0111   0.0613   0.1809   0.0743   0.1809  -734.088
 24  21    369.7    137.3   0.0055   0.0460   0.1192   0.0494   0.1192  -713.182
 24  22    368.4    138.6   0.0111   0.0455   0.2436   0.0615   0.2436  -726.564
 24  23    370.0    137.0   0.0110   0.0623   0.1769   0.0746   0.1769  -732.331
 25   1    367.8    139.2   0.0055   0.0772   0.0714   0.0756   0.0714  -730.157
 25   2    368.3    138.7   0.0000   0.0000   0.9714   0.0000   0.9714  -668.198
 25   3    368.3    138.7   0.0000   0.0000   0.0010   0.0000   0.0010  -668.198
 25   4    367.8    139.2   0.0055   0.0772   0.0714   0.0756   0.0714  -730.157
 25   5    368.8    138.2   0.0027   0.0000  99.0000   0.0060  99.0000  -676.474
 25   6    368.3    138.7   0.0000   0.0000   0.8959   0.0000   0.8959  -668.198
 25   7    368.9    138.1   0.0110   0.0378   0.2923   0.0550   0.2923  -722.393
 25   8    368.3    138.7   0.0000   0.0000   0.7328   0.0000   0.7328  -668.198
 25   9    368.3    138.7   0.0000   0.0000   0.7222   0.0000   0.7222  -668.198
 25  10    370.0    137.0   0.0138   0.0624   0.2211   0.0808   0.2211  -737.188
 25  11    367.7    139.3   0.0111   0.0297   0.3751   0.0486   0.3751  -718.227
 25  12    367.8    139.2   0.0055   0.0772   0.0714   0.0756   0.0714  -730.157
 25  13    367.9    139.1   0.0083   0.0537   0.1541   0.0623   0.1541  -722.795
 25  14    368.8    138.2   0.0027   0.0000  99.0000   0.0060  99.0000  -676.566
 25  15    368.8    138.2   0.0027   0.0000  99.0000   0.0060  99.0000  -676.566
 25  16    367.8    139.2   0.0055   0.0772   0.0714   0.0756   0.0714  -730.157
 25  17    367.8    139.2   0.0055   0.0772   0.0714   0.0756   0.0714  -730.157
 25  18    370.0    137.0   0.0138   0.0624   0.2211   0.0808   0.2211  -737.188
 25  19    367.7    139.3   0.0083   0.0378   0.2189   0.0492   0.2189  -714.849
 25  20    368.6    138.4   0.0139   0.0454   0.3059   0.0675   0.3059  -731.544
 25  21    369.7    137.3   0.0082   0.0461   0.1787   0.0555   0.1787  -718.619
 25  22    368.3    138.7   0.0083   0.0300   0.2767   0.0427   0.2767  -710.972
 25  23    370.0    137.0   0.0138   0.0624   0.2211   0.0808   0.2211  -737.188
 25  24    368.4    138.6   0.0027   0.0149   0.1845   0.0182   0.1845  -689.864
 26   1    367.4    139.6   0.0000   0.0000   0.9359   0.0000   0.9359  -667.463
 26   2    367.8    139.2   0.0055   0.0772   0.0714   0.0756   0.0714  -730.157
 26   3    367.8    139.2   0.0055   0.0772   0.0714   0.0756   0.0714  -730.157
 26   4    367.4    139.6   0.0000   0.0000   0.9076   0.0000   0.9076  -667.463
 26   5    368.3    138.7   0.0083   0.0774   0.1070   0.0816   0.1070  -736.474
 26   6    367.8    139.2   0.0055   0.0772   0.0714   0.0756   0.0714  -730.157
 26   7    368.3    138.7   0.0111   0.1102   0.1004   0.1146   0.1004  -755.002
 26   8    367.8    139.2   0.0055   0.0772   0.0714   0.0756   0.0714  -730.157
 26   9    367.8    139.2   0.0055   0.0772   0.0714   0.0756   0.0714  -730.157
 26  10    369.5    137.5   0.0138   0.0698   0.1982   0.0870   0.1982  -739.908
 26  11    367.2    139.8   0.0111   0.1091   0.1019   0.1144   0.1019  -755.995
 26  12    367.4    139.6   0.0000   0.0000   0.8502   0.0000   0.8502  -667.463
 26  13    367.4    139.6   0.0028   0.0610   0.0451   0.0564   0.0451  -713.337
 26  14    368.3    138.7   0.0083   0.0774   0.1069   0.0816   0.1069  -736.537
 26  15    368.3    138.7   0.0083   0.0774   0.1069   0.0816   0.1069  -736.537
 26  16    367.4    139.6   0.0000   0.0000   0.0010   0.0000   0.0010  -667.463
 26  17    367.4    139.6   0.0000   0.0000   0.9813   0.0000   0.9813  -667.463
 26  18    369.5    137.5   0.0138   0.0698   0.1982   0.0870   0.1982  -739.908
 26  19    367.3    139.7   0.0028   0.0530   0.0519   0.0498   0.0519  -710.265
 26  20    368.1    138.9   0.0083   0.1184   0.0702   0.1154   0.0702  -752.898
 26  21    369.2    137.8   0.0083   0.0616   0.1342   0.0683   0.1342  -726.176
 26  22    367.8    139.2   0.0083   0.1101   0.0755   0.1088   0.0755  -750.899
 26  23    369.5    137.5   0.0138   0.0698   0.1982   0.0870   0.1982  -739.908
 26  24    367.9    139.1   0.0027   0.0770   0.0357   0.0694   0.0357  -724.203
 26  25    367.8    139.2   0.0055   0.0772   0.0714   0.0756   0.0714  -730.157
 27   1    369.6    137.4   0.0138   0.0459   0.3012   0.0675   0.3012  -732.150
 27   2    370.1    136.9   0.0138   0.0306   0.4505   0.0549   0.4505  -723.874
 27   3    370.1    136.9   0.0138   0.0306   0.4505   0.0549   0.4505  -723.874
 27   4    369.6    137.4   0.0138   0.0459   0.3012   0.0675   0.3012  -732.150
 27   5    370.5    136.5   0.0165   0.0307   0.5397   0.0610   0.5397  -729.370
 27   6    370.1    136.9   0.0138   0.0306   0.4505   0.0549   0.4505  -723.874
 27   7    370.5    136.5   0.0194   0.0706   0.2742   0.0994   0.2742  -754.566
 27   8    370.1    136.9   0.0138   0.0306   0.4505   0.0549   0.4505  -723.874
 27   9    370.1    136.9   0.0138   0.0306   0.4505   0.0549   0.4505  -723.874
 27  10    371.7    135.3   0.0165   0.0309   0.5341   0.0610   0.5341  -726.264
 27  11    369.4    137.6   0.0195   0.0616   0.3159   0.0927   0.3159  -751.036
 27  12    369.6    137.4   0.0138   0.0459   0.3012   0.0675   0.3012  -732.150
 27  13    369.7    137.3   0.0110   0.0228   0.4814   0.0426   0.4814  -711.599
 27  14    370.5    136.5   0.0165   0.0307   0.5391   0.0610   0.5391  -729.426
 27  15    370.5    136.5   0.0165   0.0307   0.5391   0.0610   0.5391  -729.426
 27  16    369.6    137.4   0.0138   0.0459   0.3012   0.0675   0.3012  -732.150
 27  17    369.6    137.4   0.0138   0.0459   0.3012   0.0675   0.3012  -732.150
 27  18    371.7    135.3   0.0165   0.0309   0.5341   0.0610   0.5341  -726.264
 27  19    369.6    137.4   0.0110   0.0075   1.4641   0.0302   1.4641  -701.314
 27  20    370.3    136.7   0.0196   0.0781   0.2506   0.1061   0.2506  -757.823
 27  21    371.4    135.6   0.0110   0.0152   0.7196   0.0363   0.7196  -706.433
 27  22    370.0    137.0   0.0197   0.0614   0.3202   0.0929   0.3202  -750.982
 27  23    371.7    135.3   0.0165   0.0309   0.5341   0.0610   0.5341  -726.264
 27  24    370.1    136.9   0.0110   0.0305   0.3606   0.0488   0.3606  -718.993
 27  25    370.1    136.9   0.0138   0.0306   0.4505   0.0549   0.4505  -723.874
 27  26    369.6    137.4   0.0138   0.0459   0.3012   0.0675   0.3012  -732.150
 28   1    368.9    138.1   0.0111   0.0943   0.1174   0.1012   0.1174  -748.288
 28   2    369.5    137.5   0.0110   0.0226   0.4883   0.0426   0.4883  -713.196
 28   3    369.5    137.5   0.0110   0.0226   0.4883   0.0426   0.4883  -713.196
 28   4    368.9    138.1   0.0111   0.0943   0.1174   0.1012   0.1174  -748.288
 28   5    369.9    137.1   0.0138   0.0227   0.6095   0.0487   0.6095  -718.929
 28   6    369.5    137.5   0.0110   0.0226   0.4883   0.0426   0.4883  -713.196
 28   7    370.0    137.0   0.0166   0.0303   0.5484   0.0610   0.5484  -726.654
 28   8    369.5    137.5   0.0110   0.0226   0.4883   0.0426   0.4883  -713.196
 28   9    369.5    137.5   0.0110   0.0226   0.4883   0.0426   0.4883  -713.196
 28  10    371.1    135.9   0.0166   0.0711   0.2330   0.0936   0.2330  -745.299
 28  11    368.8    138.2   0.0139   0.0377   0.3691   0.0612   0.3691  -726.686
 28  12    368.9    138.1   0.0111   0.0943   0.1174   0.1012   0.1174  -748.288
 28  13    369.0    138.0   0.0110   0.0622   0.1776   0.0749   0.1776  -731.626
 28  14    369.9    137.1   0.0138   0.0227   0.6089   0.0487   0.6089  -718.974
 28  15    369.9    137.1   0.0138   0.0227   0.6089   0.0487   0.6089  -718.974
 28  16    368.9    138.1   0.0111   0.0943   0.1174   0.1012   0.1174  -748.288
 28  17    368.9    138.1   0.0111   0.0943   0.1174   0.1012   0.1174  -748.288
 28  18    371.1    135.9   0.0166   0.0711   0.2330   0.0936   0.2330  -745.299
 28  19    368.8    138.2   0.0111   0.0621   0.1780   0.0749   0.1780  -732.287
 28  20    369.7    137.3   0.0139   0.0537   0.2583   0.0739   0.2583  -734.396
 28  21    370.8    136.2   0.0110   0.0710   0.1550   0.0813   0.1550  -735.543
 28  22    369.4    137.6   0.0111   0.0379   0.2918   0.0550   0.2918  -722.363
 28  23    371.1    135.9   0.0166   0.0711   0.2330   0.0936   0.2330  -745.299
 28  24    369.5    137.5   0.0083   0.0227   0.3640   0.0365   0.3640  -705.816
 28  25    369.5    137.5   0.0110   0.0226   0.4883   0.0426   0.4883  -713.196
 28  26    368.9    138.1   0.0111   0.0943   0.1174   0.1012   0.1174  -748.288
 28  27    371.2    135.8   0.0165   0.0548   0.3015   0.0804   0.3015  -741.204
 29   1    369.6    137.4   0.0110   0.0380   0.2903   0.0550   0.2903  -720.418
 29   2    370.1    136.9   0.0110   0.0544   0.2021   0.0681   0.2021  -731.048
 29   3    370.1    136.9   0.0110   0.0544   0.2021   0.0681   0.2021  -731.048
 29   4    369.6    137.4   0.0110   0.0380   0.2903   0.0550   0.2903  -720.418
 29   5    370.5    136.5   0.0138   0.0546   0.2522   0.0742   0.2522  -736.734
 29   6    370.1    136.9   0.0110   0.0544   0.2021   0.0681   0.2021  -731.048
 29   7    370.6    136.4   0.0165   0.0872   0.1898   0.1067   0.1898  -755.951
 29   8    370.1    136.9   0.0110   0.0544   0.2021   0.0681   0.2021  -731.048
 29   9    370.1    136.9   0.0110   0.0544   0.2021   0.0681   0.2021  -731.048
 29  10    371.8    135.2   0.0082   0.0310   0.2637   0.0428   0.2637  -708.931
 29  11    369.5    137.5   0.0166   0.0863   0.1929   0.1066   0.1929  -756.977
 29  12    369.6    137.4   0.0110   0.0380   0.2903   0.0550   0.2903  -720.418
 29  13    369.7    137.3   0.0082   0.0384   0.2143   0.0492   0.2143  -714.363
 29  14    370.5    136.5   0.0138   0.0546   0.2519   0.0742   0.2519  -736.799
 29  15    370.5    136.5   0.0138   0.0546   0.2519   0.0742   0.2519  -736.799
 29  16    369.6    137.4   0.0110   0.0380   0.2903   0.0550   0.2903  -720.418
 29  17    369.6    137.4   0.0110   0.0380   0.2903   0.0550   0.2903  -720.418
 29  18    371.8    135.2   0.0082   0.0310   0.2637   0.0428   0.2637  -708.931
 29  19    369.6    137.4   0.0082   0.0305   0.2698   0.0428   0.2698  -710.854
 29  20    370.3    136.7   0.0167   0.0951   0.1753   0.1134   0.1753  -759.084
 29  21    371.5    135.5   0.0027   0.0231   0.1177   0.0245   0.1177  -692.859
 29  22    370.0    137.0   0.0167   0.0868   0.1921   0.1069   0.1921  -756.793
 29  23    371.8    135.2   0.0082   0.0310   0.2637   0.0428   0.2637  -708.931
 29  24    370.2    136.8   0.0082   0.0543   0.1516   0.0620   0.1516  -725.949
 29  25    370.1    136.9   0.0110   0.0544   0.2021   0.0681   0.2021  -731.048
 29  26    369.6    137.4   0.0110   0.0380   0.2903   0.0550   0.2903  -720.418
 29  27    371.9    135.1   0.0137   0.0231   0.5929   0.0486   0.5929  -719.574
 29  28    371.2    135.8   0.0137   0.0712   0.1931   0.0874   0.1931  -742.997
 30   1    367.6    139.4   0.0139   0.0935   0.1485   0.1073   0.1485  -752.029
 30   2    368.2    138.8   0.0083   0.0224   0.3694   0.0365   0.3694  -704.669
 30   3    368.2    138.8   0.0083   0.0224   0.3694   0.0365   0.3694  -704.669
 30   4    367.6    139.4   0.0139   0.0935   0.1485   0.1073   0.1485  -752.029
 30   5    368.6    138.4   0.0111   0.0225   0.4917   0.0426   0.4917  -710.684
 30   6    368.2    138.8   0.0083   0.0224   0.3694   0.0365   0.3694  -704.669
 30   7    368.8    138.2   0.0195   0.0299   0.6512   0.0670   0.6512  -732.861
 30   8    368.2    138.8   0.0083   0.0224   0.3694   0.0365   0.3694  -704.669
 30   9    368.2    138.8   0.0083   0.0224   0.3694   0.0365   0.3694  -704.669
 30  10    369.8    137.2   0.0055   0.0384   0.1426   0.0431   0.1426  -707.187
 30  11    367.5    139.5   0.0196   0.0527   0.3721   0.0861   0.3721  -745.132
 30  12    367.6    139.4   0.0139   0.0935   0.1485   0.1073   0.1485  -752.029
 30  13    367.7    139.3   0.0111   0.0616   0.1797   0.0749   0.1797  -730.606
 30  14    368.6    138.4   0.0111   0.0225   0.4913   0.0426   0.4913  -710.774
 30  15    368.6    138.4   0.0111   0.0225   0.4913   0.0426   0.4913  -710.774
 30  16    367.6    139.4   0.0139   0.0935   0.1485   0.1073   0.1485  -752.029
 30  17    367.6    139.4   0.0139   0.0935   0.1485   0.1073   0.1485  -752.029
 30  18    369.8    137.2   0.0055   0.0384   0.1426   0.0431   0.1426  -707.187
 30  19    367.5    139.5   0.0111   0.0615   0.1802   0.0748   0.1802  -731.326
 30  20    368.4    138.6   0.0196   0.0375   0.5220   0.0734   0.5220  -736.307
 30  21    369.5    137.5   0.0110   0.0541   0.2039   0.0681   0.2039  -728.108
 30  22    368.1    138.9   0.0139   0.0532   0.2611   0.0740   0.2611  -732.958
 30  23    369.8    137.2   0.0055   0.0384   0.1426   0.0431   0.1426  -707.187
 30  24    368.3    138.7   0.0111   0.0378   0.2927   0.0551   0.2927  -720.719
 30  25    368.2    138.8   0.0083   0.0224   0.3694   0.0365   0.3694  -704.669
 30  26    367.6    139.4   0.0139   0.0935   0.1485   0.1073   0.1485  -752.029
 30  27    369.8    137.2   0.0166   0.0543   0.3050   0.0804   0.3050  -740.413
 30  28    369.3    137.7   0.0166   0.0303   0.5500   0.0610   0.5500  -726.007
 30  29    369.9    137.1   0.0138   0.0706   0.1951   0.0874   0.1951  -742.037
 31   1    366.7    140.3   0.0111   0.1170   0.0951   0.1213   0.0951  -760.356
 31   2    367.2    139.8   0.0111   0.0371   0.2999   0.0549   0.2999  -723.753
 31   3    367.2    139.8   0.0111   0.0371   0.2999   0.0549   0.2999  -723.753
 31   4    366.7    140.3   0.0111   0.1170   0.0951   0.1213   0.0951  -760.356
 31   5    367.7    139.3   0.0139   0.0372   0.3747   0.0610   0.3747  -729.470
 31   6    367.2    139.8   0.0111   0.0371   0.2999   0.0549   0.2999  -723.753
 31   7    367.8    139.2   0.0167   0.0605   0.2767   0.0863   0.2767  -745.098
 31   8    367.2    139.8   0.0111   0.0371   0.2999   0.0549   0.2999  -723.753
 31   9    367.2    139.8   0.0111   0.0371   0.2999   0.0549   0.2999  -723.753
 31  10    368.8    138.2   0.0195   0.1024   0.1905   0.1264   0.1905  -766.818
 31  11    366.6    140.4   0.0000   0.0072   0.0010   0.0060   0.0010  -676.703
 31  12    366.7    140.3   0.0111   0.1170   0.0951   0.1213   0.0951  -760.356
 31  13    366.7    140.3   0.0139   0.0931   0.1498   0.1075   0.1498  -753.782
 31  14    367.7    139.3   0.0139   0.0372   0.3743   0.0610   0.3743  -729.537
 31  15    367.7    139.3   0.0139   0.0372   0.3743   0.0610   0.3743  -729.537
 31  16    366.7    140.3   0.0111   0.1170   0.0951   0.1213   0.0951  -760.356
 31  17    366.7    140.3   0.0111   0.1170   0.0951   0.1213   0.0951  -760.356
 31  18    368.8    138.2   0.0195   0.1024   0.1905   0.1264   0.1905  -766.818
 31  19    366.6    140.4   0.0139   0.0764   0.1825   0.0938   0.1825  -747.131
 31  20    367.4    139.6   0.0196   0.0683   0.2876   0.0991   0.2876  -755.299
 31  21    368.5    138.5   0.0139   0.0854   0.1626   0.1003   0.1626  -750.195
 31  22    367.2    139.8   0.0140   0.0681   0.2048   0.0867   0.2048  -745.078
 31  23    368.8    138.2   0.0195   0.1024   0.1905   0.1264   0.1905  -766.818
 31  24    367.3    139.7   0.0083   0.0373   0.2233   0.0489   0.2233  -716.392
 31  25    367.2    139.8   0.0111   0.0371   0.2999   0.0549   0.2999  -723.753
 31  26    366.7    140.3   0.0111   0.1170   0.0951   0.1213   0.0951  -760.356
 31  27    368.9    138.1   0.0195   0.0694   0.2809   0.0992   0.2809  -755.884
 31  28    368.3    138.7   0.0139   0.0453   0.3075   0.0675   0.3075  -731.961
 31  29    368.9    138.1   0.0167   0.0942   0.1768   0.1133   0.1768  -761.504
 31  30    367.1    139.9   0.0196   0.0603   0.3254   0.0925   0.3254  -750.168
 32   1    369.1    137.9   0.0083   0.0860   0.0961   0.0882   0.0961  -739.851
 32   2    369.6    137.4   0.0082   0.0150   0.5492   0.0302   0.5492  -702.761
 32   3    369.6    137.4   0.0082   0.0150   0.5492   0.0302   0.5492  -702.761
 32   4    369.1    137.9   0.0083   0.0860   0.0961   0.0882   0.0961  -739.851
 32   5    370.0    137.0   0.0110   0.0151   0.7310   0.0363   0.7310  -708.700
 32   6    369.6    137.4   0.0082   0.0150   0.5492   0.0302   0.5492  -702.761
 32   7    370.1    136.9   0.0138   0.0380   0.3629   0.0610   0.3629  -727.842
 32   8    369.6    137.4   0.0082   0.0150   0.5492   0.0302   0.5492  -702.761
 32   9    369.6    137.4   0.0082   0.0150   0.5492   0.0302   0.5492  -702.761
 32  10    371.2    135.8   0.0166   0.0629   0.2634   0.0869   0.2634  -741.650
 32  11    368.9    138.1   0.0083   0.0454   0.1824   0.0552   0.1824  -721.374
 32  12    369.1    137.9   0.0083   0.0860   0.0961   0.0882   0.0961  -739.851
 32  13    369.1    137.9   0.0110   0.0542   0.2036   0.0683   0.2036  -728.493
 32  14    370.0    137.0   0.0110   0.0151   0.7303   0.0363   0.7303  -708.745
 32  15    370.0    137.0   0.0110   0.0151   0.7303   0.0363   0.7303  -708.745
 32  16    369.1    137.9   0.0083   0.0860   0.0961   0.0882   0.0961  -739.851
 32  17    369.1    137.9   0.0083   0.0860   0.0961   0.0882   0.0961  -739.851
 32  18    371.2    135.8   0.0166   0.0629   0.2634   0.0869   0.2634  -741.650
 32  19    369.0    138.0   0.0110   0.0541   0.2041   0.0682   0.2041  -729.137
 32  20    369.8    137.2   0.0167   0.0457   0.3643   0.0736   0.3643  -736.681
 32  21    370.9    136.1   0.0110   0.0628   0.1750   0.0747   0.1750  -732.505
 32  22    369.5    137.5   0.0110   0.0459   0.2406   0.0615   0.2406  -726.642
 32  23    371.2    135.8   0.0166   0.0629   0.2634   0.0869   0.2634  -741.650
 32  24    369.7    137.3   0.0055   0.0304   0.1808   0.0367   0.1808  -706.432
 32  25    369.6    137.4   0.0082   0.0150   0.5492   0.0302   0.5492  -702.761
 32  26    369.1    137.9   0.0083   0.0860   0.0961   0.0882   0.0961  -739.851
 32  27    371.3    135.7   0.0165   0.0468   0.3528   0.0738   0.3528  -737.836
 32  28    370.7    136.3   0.0110   0.0228   0.4834   0.0425   0.4834  -713.290
 32  29    371.4    135.6   0.0137   0.0630   0.2180   0.0807   0.2180  -740.305
 32  30    369.4    137.6   0.0166   0.0226   0.7365   0.0547   0.7365  -721.488
 32  31    368.4    138.6   0.0083   0.0530   0.1564   0.0615   0.1564  -726.489
 33   1    368.9    138.1   0.0083   0.0456   0.1812   0.0553   0.1812  -718.905
 33   2    369.4    137.6   0.0083   0.0383   0.2158   0.0492   0.2158  -714.212
 33   3    369.4    137.6   0.0083   0.0383   0.2158   0.0492   0.2158  -714.212
 33   4    368.9    138.1   0.0083   0.0456   0.1812   0.0553   0.1812  -718.905
 33   5    369.8    137.2   0.0110   0.0384   0.2872   0.0553   0.2872  -720.184
 33   6    369.4    137.6   0.0083   0.0383   0.2158   0.0492   0.2158  -714.212
 33   7    369.8    137.2   0.0194   0.0621   0.3128   0.0929   0.3128  -748.791
 33   8    369.4    137.6   0.0083   0.0383   0.2158   0.0492   0.2158  -714.212
 33   9    369.4    137.6   0.0083   0.0383   0.2158   0.0492   0.2158  -714.212
 33  10    371.0    136.0   0.0194   0.0229   0.8449   0.0609   0.8449  -723.859
 33  11    368.7    138.3   0.0195   0.0695   0.2810   0.0994   0.2810  -753.181
 33  12    368.9    138.1   0.0083   0.0456   0.1812   0.0553   0.1812  -718.905
 33  13    369.0    138.0   0.0083   0.0151   0.5471   0.0303   0.5471  -698.239
 33  14    369.8    137.2   0.0110   0.0384   0.2870   0.0553   0.2870  -720.250
 33  15    369.8    137.2   0.0110   0.0384   0.2870   0.0553   0.2870  -720.250
 33  16    368.9    138.1   0.0083   0.0456   0.1812   0.0553   0.1812  -718.905
 33  17    368.9    138.1   0.0083   0.0456   0.1812   0.0553   0.1812  -718.905
 33  18    371.0    136.0   0.0194   0.0229   0.8449   0.0609   0.8449  -723.859
 33  19    368.9    138.1   0.0083   0.0151   0.5483   0.0303   0.5483  -698.837
 33  20    369.6    137.4   0.0111   0.0698   0.1590   0.0810   0.1590  -736.353
 33  21    370.8    136.2   0.0138   0.0229   0.6009   0.0487   0.6009  -714.432
 33  22    369.3    137.7   0.0055   0.0701   0.0786   0.0692   0.0786  -724.307
 33  23    371.0    136.0   0.0194   0.0229   0.8449   0.0609   0.8449  -723.859
 33  24    369.4    137.6   0.0110   0.0382   0.2888   0.0552   0.2888  -721.729
 33  25    369.4    137.6   0.0083   0.0383   0.2158   0.0492   0.2158  -714.212
 33  26    368.9    138.1   0.0083   0.0456   0.1812   0.0553   0.1812  -718.905
 33  27    371.2    135.8   0.0193   0.0076   2.5384   0.0485   2.5384  -716.934
 33  28    370.5    136.5   0.0138   0.0465   0.2962   0.0678   0.2962  -729.647
 33  29    371.2    135.8   0.0165   0.0230   0.7189   0.0547   0.7189  -721.768
 33  30    369.1    137.9   0.0138   0.0461   0.3001   0.0678   0.3001  -727.008
 33  31    368.2    138.8   0.0195   0.0773   0.2529   0.1060   0.2529  -757.949
 33  32    370.7    136.3   0.0166   0.0386   0.4290   0.0674   0.4290  -731.704
 34   1    367.9    139.1   0.0027   0.0770   0.0357   0.0694   0.0357  -724.203
 34   2    368.4    138.6   0.0027   0.0149   0.1845   0.0182   0.1845  -689.864
 34   3    368.4    138.6   0.0027   0.0149   0.1845   0.0182   0.1845  -689.864
 34   4    367.9    139.1   0.0027   0.0770   0.0357   0.0694   0.0357  -724.203
 34   5    368.9    138.1   0.0055   0.0149   0.3683   0.0242   0.3683  -696.753
 34   6    368.4    138.6   0.0027   0.0149   0.1845   0.0182   0.1845  -689.864
 34   7    369.0    138.0   0.0083   0.0379   0.2179   0.0490   0.2179  -715.075
 34   8    368.4    138.6   0.0027   0.0149   0.1845   0.0182   0.1845  -689.864
 34   9    368.4    138.6   0.0027   0.0149   0.1845   0.0182   0.1845  -689.864
 34  10    370.0    137.0   0.0110   0.0623   0.1769   0.0746   0.1769  -732.331
 34  11    367.8    139.2   0.0083   0.0298   0.2792   0.0426   0.2792  -710.879
 34  12    367.9    139.1   0.0027   0.0770   0.0357   0.0694   0.0357  -724.203
 34  13    367.9    139.1   0.0055   0.0536   0.1028   0.0561   0.1028  -717.378
 34  14    368.9    138.1   0.0055   0.0149   0.3680   0.0242   0.3680  -696.821
 34  15    368.9    138.1   0.0055   0.0149   0.3680   0.0242   0.3680  -696.821
 34  16    367.9    139.1   0.0027   0.0770   0.0357   0.0694   0.0357  -724.203
 34  17    367.9    139.1   0.0027   0.0770   0.0357   0.0694   0.0357  -724.203
 34  18    370.0    137.0   0.0110   0.0623   0.1769   0.0746   0.1769  -732.331
 34  19    367.8    139.2   0.0055   0.0378   0.1460   0.0431   0.1460  -709.428
 34  20    368.6    138.4   0.0111   0.0613   0.1809   0.0743   0.1809  -734.088
 34  21    369.7    137.3   0.0055   0.0460   0.1192   0.0494   0.1192  -713.182
 34  22    368.4    138.6   0.0111   0.0455   0.2436   0.0615   0.2436  -726.564
 34  23    370.0    137.0   0.0110   0.0623   0.1769   0.0746   0.1769  -732.331
 34  24    368.5    138.5   0.0000   0.0000   0.7732   0.0000   0.7732  -668.267
 34  25    368.4    138.6   0.0027   0.0149   0.1845   0.0182   0.1845  -689.864
 34  26    367.9    139.1   0.0027   0.0770   0.0357   0.0694   0.0357  -724.203
 34  27    370.1    136.9   0.0110   0.0305   0.3606   0.0488   0.3606  -718.993
 34  28    369.5    137.5   0.0083   0.0227   0.3640   0.0365   0.3640  -705.816
 34  29    370.2    136.8   0.0082   0.0543   0.1516   0.0620   0.1516  -725.949
 34  30    368.3    138.7   0.0111   0.0378   0.2927   0.0551   0.2927  -720.719
 34  31    367.3    139.7   0.0083   0.0373   0.2233   0.0489   0.2233  -716.392
 34  32    369.7    137.3   0.0055   0.0304   0.1808   0.0367   0.1808  -706.432
 34  33    369.4    137.6   0.0110   0.0382   0.2888   0.0552   0.2888  -721.729
 35   1    369.5    137.5   0.0138   0.0698   0.1982   0.0870   0.1982  -739.908
 35   2    370.0    137.0   0.0138   0.0624   0.2211   0.0808   0.2211  -737.188
 35   3    370.0    137.0   0.0138   0.0624   0.2211   0.0808   0.2211  -737.188
 35   4    369.5    137.5   0.0138   0.0698   0.1982   0.0870   0.1982  -739.908
 35   5    370.4    136.6   0.0166   0.0626   0.2649   0.0869   0.2649  -742.716
 35   6    370.0    137.0   0.0138   0.0624   0.2211   0.0808   0.2211  -737.188
 35   7    370.5    136.5   0.0194   0.0704   0.2754   0.0994   0.2754  -752.102
 35   8    370.0    137.0   0.0138   0.0624   0.2211   0.0808   0.2211  -737.188
 35   9    370.0    137.0   0.0138   0.0624   0.2211   0.0808   0.2211  -737.188
 35  10    371.6    135.4   0.0000   0.0000   0.9325   0.0000   0.9325  -664.369
 35  11    369.3    137.7   0.0195   0.0945   0.2064   0.1196   0.2064  -762.315
 35  12    369.5    137.5   0.0138   0.0698   0.1982   0.0870   0.1982  -739.908
 35  13    369.5    137.5   0.0110   0.0384   0.2875   0.0553   0.2875  -717.059
 35  14    370.4    136.6   0.0166   0.0626   0.2647   0.0869   0.2647  -742.781
 35  15    370.4    136.6   0.0166   0.0626   0.2647   0.0869   0.2647  -742.781
 35  16    369.5    137.5   0.0138   0.0698   0.1982   0.0870   0.1982  -739.908
 35  17    369.5    137.5   0.0138   0.0698   0.1982   0.0870   0.1982  -739.908
 35  18    371.6    135.4   0.0000   0.0000   0.7331   0.0000   0.7331  -664.369
 35  19    369.4    137.6   0.0110   0.0383   0.2881   0.0553   0.2881  -717.703
 35  20    370.2    136.8   0.0196   0.0779   0.2518   0.1060   0.2518  -755.493
 35  21    371.3    135.7   0.0055   0.0153   0.3572   0.0243   0.3572  -692.257
 35  22    369.9    137.1   0.0195   0.0949   0.2060   0.1197   0.2060  -762.477
 35  23    371.6    135.4   0.0000   0.0000   0.8811   0.0000   0.8811  -664.369
 35  24    370.0    137.0   0.0110   0.0623   0.1769   0.0746   0.1769  -732.331
 35  25    370.0    137.0   0.0138   0.0624   0.2211   0.0808   0.2211  -737.188
 35  26    369.5    137.5   0.0138   0.0698   0.1982   0.0870   0.1982  -739.908
 35  27    371.7    135.3   0.0165   0.0309   0.5341   0.0610   0.5341  -726.264
 35  28    371.1    135.9   0.0166   0.0711   0.2330   0.0936   0.2330  -745.299
 35  29    371.8    135.2   0.0082   0.0310   0.2637   0.0428   0.2637  -708.931
 35  30    369.8    137.2   0.0055   0.0384   0.1426   0.0431   0.1426  -707.187
 35  31    368.8    138.2   0.0195   0.1024   0.1905   0.1264   0.1905  -766.818
 35  32    371.2    135.8   0.0166   0.0629   0.2634   0.0869   0.2634  -741.650
 35  33    371.0    136.0   0.0194   0.0229   0.8449   0.0609   0.8449  -723.859
 35  34    370.0    137.0   0.0110   0.0623   0.1769   0.0746   0.1769  -732.331
 36   1    367.1    139.9   0.0028   0.0148   0.1862   0.0182   0.1862  -688.287
 36   2    367.6    139.4   0.0083   0.0609   0.1361   0.0683   0.1361  -727.165
 36   3    367.6    139.4   0.0083   0.0609   0.1361   0.0683   0.1361  -727.165
 36   4    367.1    139.9   0.0028   0.0148   0.1862   0.0182   0.1862  -688.287
 36   5    368.0    139.0   0.0111   0.0611   0.1813   0.0744   0.1813  -733.168
 36   6    367.6    139.4   0.0083   0.0609   0.1361   0.0683   0.1361  -727.165
 36   7    368.0    139.0   0.0139   0.1017   0.1364   0.1139   0.1364  -756.224
 36   8    367.6    139.4   0.0083   0.0609   0.1361   0.0683   0.1361  -727.165
 36   9    367.6    139.4   0.0083   0.0609   0.1361   0.0683   0.1361  -727.165
 36  10    369.2    137.8   0.0110   0.0616   0.1792   0.0744   0.1792  -729.935
 36  11    367.0    140.0   0.0139   0.0923   0.1511   0.1068   0.1511  -753.171
 36  12    367.1    139.9   0.0028   0.0148   0.1862   0.0182   0.1862  -688.287
 36  13    367.2    139.8   0.0001   0.0530   0.0010   0.0439   0.0010  -700.604
 36  14    368.0    139.0   0.0111   0.0611   0.1811   0.0744   0.1811  -733.232
 36  15    368.0    139.0   0.0111   0.0611   0.1811   0.0744   0.1811  -733.232
 36  16    367.1    139.9   0.0028   0.0148   0.1862   0.0182   0.1862  -688.287
 36  17    367.1    139.9   0.0028   0.0148   0.1862   0.0182   0.1862  -688.287
 36  18    369.2    137.8   0.0110   0.0616   0.1792   0.0744   0.1792  -729.935
 36  19    367.1    139.9   0.0000   0.0373   0.0010   0.0310   0.0010  -692.579
 36  20    367.8    139.2   0.0083   0.1098   0.0757   0.1085   0.0757  -748.182
 36  21    369.0    138.0   0.0055   0.0456   0.1206   0.0492   0.1206  -710.761
 36  22    367.5    139.5   0.0083   0.0931   0.0894   0.0949   0.0894  -742.208
 36  23    369.2    137.8   0.0110   0.0616   0.1792   0.0744   0.1792  -729.935
 36  24    367.6    139.4   0.0055   0.0608   0.0908   0.0621   0.0908  -721.739
 36  25    367.6    139.4   0.0083   0.0609   0.1361   0.0683   0.1361  -727.165
 36  26    367.1    139.9   0.0028   0.0148   0.1862   0.0182   0.1862  -688.287
 36  27    369.4    137.6   0.0110   0.0302   0.3655   0.0487   0.3655  -716.656
 36  28    368.7    138.3   0.0111   0.0860   0.1288   0.0945   0.1288  -743.385
 36  29    369.4    137.6   0.0082   0.0538   0.1534   0.0618   0.1534  -723.591
 36  30    367.4    139.6   0.0111   0.0851   0.1303   0.0945   0.1303  -742.441
 36  31    366.4    140.6   0.0140   0.1001   0.1395   0.1135   0.1395  -757.697
 36  32    368.8    138.2   0.0111   0.0778   0.1422   0.0877   0.1422  -740.611
 36  33    368.7    138.3   0.0083   0.0378   0.2186   0.0490   0.2186  -713.121
 36  34    367.6    139.4   0.0055   0.0608   0.0908   0.0621   0.0908  -721.739
 36  35    369.2    137.8   0.0110   0.0616   0.1792   0.0744   0.1792  -729.935
 37   1    366.7    140.3   0.0028   0.0608   0.0454   0.0564   0.0454  -714.180
 37   2    367.2    139.8   0.0083   0.0455   0.1822   0.0557   0.1822  -719.017
 37   3    367.2    139.8   0.0083   0.0455   0.1822   0.0557   0.1822  -719.017
 37   4    366.7    140.3   0.0028   0.0608   0.0454   0.0564   0.0454  -714.180
 37   5    367.6    139.4   0.0111   0.0457   0.2426   0.0618   0.2426  -725.030
 37   6    367.2    139.8   0.0083   0.0455   0.1822   0.0557   0.1822  -719.017
 37   7    367.6    139.4   0.0139   0.0857   0.1619   0.1009   0.1619  -749.253
 37   8    367.2    139.8   0.0083   0.0455   0.1822   0.0557   0.1822  -719.017
 37   9    367.2    139.8   0.0083   0.0455   0.1822   0.0557   0.1822  -719.017
 37  10    368.8    138.2   0.0110   0.0461   0.2399   0.0618   0.2399  -721.898
 37  11    366.6    140.4   0.0140   0.0766   0.1822   0.0939   0.1822  -745.942
 37  12    366.7    140.3   0.0028   0.0608   0.0454   0.0564   0.0454  -714.180
 37  13    366.8    140.2   0.0000   0.0073   0.0010   0.0060   0.0010  -673.626
 37  14    367.6    139.4   0.0111   0.0457   0.2424   0.0618   0.2424  -725.096
 37  15    367.6    139.4   0.0111   0.0457   0.2424   0.0618   0.2424  -725.096
 37  16    366.7    140.3   0.0028   0.0608   0.0454   0.0564   0.0454  -714.180
 37  17    366.7    140.3   0.0028   0.0608   0.0454   0.0564   0.0454  -714.180
 37  18    368.8    138.2   0.0110   0.0461   0.2399   0.0618   0.2399  -721.898
 37  19    366.7    140.3   0.0000   0.0073   0.0010   0.0060   0.0010  -673.157
 37  20    367.4    139.6   0.0083   0.0937   0.0889   0.0955   0.0889  -741.345
 37  21    368.6    138.4   0.0055   0.0303   0.1817   0.0368   0.1817  -702.047
 37  22    367.1    139.9   0.0083   0.0772   0.1080   0.0820   0.1080  -734.962
 37  23    368.8    138.2   0.0110   0.0461   0.2399   0.0618   0.2399  -721.898
 37  24    367.3    139.7   0.0055   0.0454   0.1216   0.0496   0.1216  -713.614
 37  25    367.2    139.8   0.0083   0.0455   0.1822   0.0557   0.1822  -719.017
 37  26    366.7    140.3   0.0028   0.0608   0.0454   0.0564   0.0454  -714.180
 37  27    369.0    138.0   0.0110   0.0151   0.7318   0.0364   0.7318  -706.858
 37  28    368.3    138.7   0.0111   0.0700   0.1581   0.0816   0.1581  -736.006
 37  29    369.0    138.0   0.0082   0.0382   0.2157   0.0492   0.2157  -715.248
 37  30    367.0    140.0   0.0111   0.0694   0.1599   0.0816   0.1599  -735.025
 37  31    366.0    141.0   0.0140   0.0843   0.1657   0.1006   0.1657  -750.619
 37  32    368.5    138.5   0.0111   0.0620   0.1784   0.0749   0.1784  -733.008
 37  33    368.3    138.7   0.0083   0.0226   0.3654   0.0366   0.3654  -703.863
 37  34    367.3    139.7   0.0055   0.0454   0.1216   0.0496   0.1216  -713.614
 37  35    368.8    138.2   0.0110   0.0461   0.2399   0.0618   0.2399  -721.898
 37  36    366.5    140.5   0.0000   0.0449   0.0010   0.0374   0.0010  -696.811
 38   1    366.8    140.2   0.0167   0.1011   0.1656   0.1202   0.1656  -765.746
 38   2    367.4    139.6   0.0167   0.0222   0.7523   0.0547   0.7523  -726.600
 38   3    367.4    139.6   0.0167   0.0222   0.7523   0.0547   0.7523  -726.600
 38   4    366.8    140.2   0.0167   0.1011   0.1656   0.1202   0.1656  -765.746
 38   5    367.8    139.2   0.0195   0.0223   0.8766   0.0608   0.8766  -731.932
 38   6    367.4    139.6   0.0167   0.0222   0.7523   0.0547   0.7523  -726.600
 38   7    368.0    139.0   0.0224   0.0453   0.4936   0.0860   0.4936  -748.405
 38   8    367.4    139.6   0.0167   0.0222   0.7523   0.0547   0.7523  -726.600
 38   9    367.4    139.6   0.0167   0.0222   0.7523   0.0547   0.7523  -726.600
 38  10    369.0    138.0   0.0195   0.0864   0.2251   0.1131   0.2251  -761.545
 38  11    366.7    140.3   0.0225   0.0370   0.6098   0.0796   0.6098  -744.384
 38  12    366.8    140.2   0.0167   0.1011   0.1656   0.1202   0.1656  -765.746
 38  13    366.9    140.1   0.0139   0.0609   0.2283   0.0807   0.2283  -741.318
 38  14    367.8    139.2   0.0195   0.0223   0.8758   0.0608   0.8758  -732.000
 38  15    367.8    139.2   0.0195   0.0223   0.8758   0.0608   0.8758  -732.000
 38  16    366.8    140.2   0.0167   0.1011   0.1656   0.1202   0.1656  -765.746
 38  17    366.8    140.2   0.0167   0.1011   0.1656   0.1202   0.1656  -765.746
 38  18    369.0    138.0   0.0195   0.0864   0.2251   0.1131   0.2251  -761.545
 38  19    366.7    140.3   0.0139   0.0450   0.3089   0.0676   0.3089  -733.740
 38  20    367.6    139.4   0.0167   0.0686   0.2435   0.0930   0.2435  -752.229
 38  21    368.6    138.4   0.0138   0.0697   0.1987   0.0873   0.1987  -744.548
 38  22    367.3    139.7   0.0224   0.0528   0.4248   0.0924   0.4248  -753.506
 38  23    369.0    138.0   0.0195   0.0864   0.2251   0.1131   0.2251  -761.545
 38  24    367.5    139.5   0.0139   0.0223   0.6225   0.0486   0.6225  -719.677
 38  25    367.4    139.6   0.0167   0.0222   0.7523   0.0547   0.7523  -726.600
 38  26    366.8    140.2   0.0167   0.1011   0.1656   0.1202   0.1656  -765.746
 38  27    369.0    138.0   0.0083   0.0539   0.1533   0.0620   0.1533  -725.991
 38  28    368.5    138.5   0.0195   0.0302   0.6468   0.0672   0.6468  -734.139
 38  29    369.1    137.9   0.0166   0.0783   0.2122   0.1002   0.2122  -755.999
 38  30    367.3    139.7   0.0195   0.0452   0.4328   0.0798   0.4328  -743.729
 38  31    366.3    140.7   0.0226   0.0444   0.5074   0.0859   0.5074  -749.664
 38  32    368.6    138.4   0.0195   0.0378   0.5157   0.0734   0.5157  -741.037
 38  33    368.3    138.7   0.0223   0.0617   0.3617   0.0992   0.3617  -756.265
 38  34    367.5    139.5   0.0139   0.0223   0.6225   0.0486   0.6225  -719.677
 38  35    369.0    138.0   0.0195   0.0864   0.2251   0.1131   0.2251  -761.545
 38  36    366.6    140.4   0.0139   0.0844   0.1650   0.1004   0.1650  -752.323
 38  37    366.2    140.8   0.0139   0.0527   0.2644   0.0741   0.2644  -737.694
 39   1    369.5    137.5   0.0055   0.0616   0.0891   0.0621   0.0891  -721.770
 39   2    369.9    137.1   0.0055   0.0228   0.2406   0.0305   0.2406  -698.495
 39   3    369.9    137.1   0.0055   0.0228   0.2406   0.0305   0.2406  -698.495
 39   4    369.5    137.5   0.0055   0.0616   0.0891   0.0621   0.0891  -721.770
 39   5    370.4    136.6   0.0082   0.0229   0.3603   0.0365   0.3603  -704.816
 39   6    369.9    137.1   0.0055   0.0228   0.2406   0.0305   0.2406  -698.495
 39   7    370.4    136.6   0.0166   0.0462   0.3588   0.0737   0.3588  -735.128
 39   8    369.9    137.1   0.0055   0.0228   0.2406   0.0305   0.2406  -698.495
 39   9    369.9    137.1   0.0055   0.0228   0.2406   0.0305   0.2406  -698.495
 39  10    371.6    135.4   0.0193   0.0387   0.4994   0.0735   0.4994  -734.360
 39  11    369.3    137.7   0.0111   0.0536   0.2061   0.0678   0.2061  -729.007
 39  12    369.5    137.5   0.0055   0.0616   0.0891   0.0621   0.0891  -721.770
 39  13    369.5    137.5   0.0082   0.0305   0.2703   0.0428   0.2703  -709.402
 39  14    370.4    136.6   0.0082   0.0229   0.3600   0.0365   0.3600  -704.906
 39  15    370.4    136.6   0.0082   0.0229   0.3600   0.0365   0.3600  -704.906
 39  16    369.5    137.5   0.0055   0.0616   0.0891   0.0621   0.0891  -721.770
 39  17    369.5    137.5   0.0055   0.0616   0.0891   0.0621   0.0891  -721.770
 39  18    371.6    135.4   0.0193   0.0387   0.4994   0.0735   0.4994  -734.360
 39  19    369.4    137.6   0.0082   0.0304   0.2709   0.0428   0.2709  -710.046
 39  20    370.2    136.8   0.0138   0.0541   0.2557   0.0741   0.2557  -733.639
 39  21    371.3    135.7   0.0137   0.0387   0.3557   0.0612   0.3557  -724.934
 39  22    369.9    137.1   0.0027   0.0542   0.0505   0.0500   0.0505  -709.440
 39  23    371.6    135.4   0.0193   0.0387   0.4994   0.0735   0.4994  -734.360
 39  24    370.0    137.0   0.0082   0.0227   0.3623   0.0365   0.3623  -706.310
 39  25    369.9    137.1   0.0055   0.0228   0.2406   0.0305   0.2406  -698.495
 39  26    369.5    137.5   0.0055   0.0616   0.0891   0.0621   0.0891  -721.770
 39  27    371.7    135.3   0.0193   0.0231   0.8360   0.0608   0.8360  -728.941
 39  28    371.1    135.9   0.0138   0.0308   0.4477   0.0550   0.4477  -721.360
 39  29    371.8    135.2   0.0165   0.0388   0.4253   0.0673   0.4253  -732.241
 39  30    369.7    137.3   0.0138   0.0305   0.4531   0.0550   0.4531  -718.201
 39  31    368.8    138.2   0.0111   0.0613   0.1804   0.0743   0.1804  -734.027
 39  32    371.2    135.8   0.0082   0.0230   0.3572   0.0365   0.3572  -705.401
 39  33    371.1    135.9   0.0082   0.0152   0.5403   0.0303   0.5403  -699.312
 39  34    370.0    137.0   0.0082   0.0227   0.3623   0.0365   0.3623  -706.310
 39  35    371.6    135.4   0.0193   0.0387   0.4994   0.0735   0.4994  -734.360
 39  36    369.2    137.8   0.0083   0.0536   0.1541   0.0617   0.1541  -722.910
 39  37    368.8    138.2   0.0083   0.0381   0.2166   0.0492   0.2166  -714.458
 39  38    368.9    138.1   0.0223   0.0459   0.4859   0.0861   0.4859  -748.213
 40   1    366.7    140.3   0.0028   0.0608   0.0454   0.0564   0.0454  -714.180
 40   2    367.2    139.8   0.0083   0.0455   0.1822   0.0557   0.1822  -719.017
 40   3    367.2    139.8   0.0083   0.0455   0.1822   0.0557   0.1822  -719.017
 40   4    366.7    140.3   0.0028   0.0608   0.0454   0.0564   0.0454  -714.180
 40   5    367.6    139.4   0.0111   0.0457   0.2426   0.0618   0.2426  -725.030
 40   6    367.2    139.8   0.0083   0.0455   0.1822   0.0557   0.1822  -719.017
 40   7    367.6    139.4   0.0139   0.0857   0.1619   0.1009   0.1619  -749.253
 40   8    367.2    139.8   0.0083   0.0455   0.1822   0.0557   0.1822  -719.017
 40   9    367.2    139.8   0.0083   0.0455   0.1822   0.0557   0.1822  -719.017
 40  10    368.8    138.2   0.0110   0.0461   0.2399   0.0618   0.2399  -721.898
 40  11    366.6    140.4   0.0140   0.0766   0.1822   0.0939   0.1822  -745.942
 40  12    366.7    140.3   0.0028   0.0608   0.0454   0.0564   0.0454  -714.180
 40  13    366.8    140.2   0.0000   0.0073   0.0010   0.0061   0.0010  -673.626
 40  14    367.6    139.4   0.0111   0.0457   0.2424   0.0618   0.2424  -725.096
 40  15    367.6    139.4   0.0111   0.0457   0.2424   0.0618   0.2424  -725.096
 40  16    366.7    140.3   0.0028   0.0608   0.0454   0.0564   0.0454  -714.180
 40  17    366.7    140.3   0.0028   0.0608   0.0454   0.0564   0.0454  -714.180
 40  18    368.8    138.2   0.0110   0.0461   0.2399   0.0618   0.2399  -721.898
 40  19    366.7    140.3   0.0000   0.0073   0.0010   0.0061   0.0010  -673.157
 40  20    367.4    139.6   0.0083   0.0937   0.0889   0.0955   0.0889  -741.345
 40  21    368.6    138.4   0.0055   0.0303   0.1817   0.0368   0.1817  -702.047
 40  22    367.1    139.9   0.0083   0.0772   0.1080   0.0820   0.1080  -734.962
 40  23    368.8    138.2   0.0110   0.0461   0.2399   0.0618   0.2399  -721.898
 40  24    367.3    139.7   0.0055   0.0454   0.1216   0.0496   0.1216  -713.614
 40  25    367.2    139.8   0.0083   0.0455   0.1822   0.0557   0.1822  -719.017
 40  26    366.7    140.3   0.0028   0.0608   0.0454   0.0564   0.0454  -714.180
 40  27    369.0    138.0   0.0110   0.0151   0.7318   0.0364   0.7318  -706.858
 40  28    368.3    138.7   0.0111   0.0700   0.1581   0.0816   0.1581  -736.006
 40  29    369.0    138.0   0.0082   0.0382   0.2157   0.0492   0.2157  -715.248
 40  30    367.0    140.0   0.0111   0.0694   0.1599   0.0816   0.1599  -735.025
 40  31    366.0    141.0   0.0140   0.0843   0.1657   0.1006   0.1657  -750.619
 40  32    368.5    138.5   0.0111   0.0620   0.1784   0.0749   0.1784  -733.008
 40  33    368.3    138.7   0.0083   0.0226   0.3654   0.0366   0.3654  -703.863
 40  34    367.3    139.7   0.0055   0.0454   0.1216   0.0496   0.1216  -713.614
 40  35    368.8    138.2   0.0110   0.0461   0.2399   0.0618   0.2399  -721.898
 40  36    366.5    140.5   0.0000   0.0447   0.0010   0.0372   0.0010  -696.811
 40  37    366.2    140.8   0.0000   0.0000   0.9469   0.0000   0.9469  -666.935
 40  38    366.2    140.8   0.0139   0.0527   0.2644   0.0741   0.2644  -737.694
 40  39    368.8    138.2   0.0083   0.0381   0.2166   0.0492   0.2166  -714.458
 41   1    366.7    140.3   0.0111   0.1170   0.0951   0.1213   0.0951  -760.356
 41   2    367.2    139.8   0.0111   0.0371   0.2999   0.0549   0.2999  -723.753
 41   3    367.2    139.8   0.0111   0.0371   0.2999   0.0549   0.2999  -723.753
 41   4    366.7    140.3   0.0111   0.1170   0.0951   0.1213   0.0951  -760.356
 41   5    367.7    139.3   0.0139   0.0372   0.3747   0.0610   0.3747  -729.470
 41   6    367.2    139.8   0.0111   0.0371   0.2999   0.0549   0.2999  -723.753
 41   7    367.8    139.2   0.0167   0.0605   0.2767   0.0863   0.2767  -745.098
 41   8    367.2    139.8   0.0111   0.0371   0.2999   0.0549   0.2999  -723.753
 41   9    367.2    139.8   0.0111   0.0371   0.2999   0.0549   0.2999  -723.753
 41  10    368.8    138.2   0.0195   0.1024   0.1905   0.1264   0.1905  -766.818
 41  11    366.6    140.4   0.0000   0.0072   0.0010   0.0060   0.0010  -676.703
 41  12    366.7    140.3   0.0111   0.1170   0.0951   0.1213   0.0951  -760.356
 41  13    366.7    140.3   0.0139   0.0931   0.1498   0.1075   0.1498  -753.782
 41  14    367.7    139.3   0.0139   0.0372   0.3743   0.0610   0.3743  -729.537
 41  15    367.7    139.3   0.0139   0.0372   0.3743   0.0610   0.3743  -729.537
 41  16    366.7    140.3   0.0111   0.1170   0.0951   0.1213   0.0951  -760.356
 41  17    366.7    140.3   0.0111   0.1170   0.0951   0.1213   0.0951  -760.356
 41  18    368.8    138.2   0.0195   0.1024   0.1905   0.1264   0.1905  -766.818
 41  19    366.6    140.4   0.0139   0.0764   0.1825   0.0938   0.1825  -747.131
 41  20    367.4    139.6   0.0196   0.0683   0.2876   0.0991   0.2876  -755.299
 41  21    368.5    138.5   0.0139   0.0854   0.1626   0.1003   0.1626  -750.195
 41  22    367.2    139.8   0.0140   0.0681   0.2048   0.0867   0.2048  -745.078
 41  23    368.8    138.2   0.0195   0.1024   0.1905   0.1264   0.1905  -766.818
 41  24    367.3    139.7   0.0083   0.0373   0.2233   0.0489   0.2233  -716.392
 41  25    367.2    139.8   0.0111   0.0371   0.2999   0.0549   0.2999  -723.753
 41  26    366.7    140.3   0.0111   0.1170   0.0951   0.1213   0.0951  -760.356
 41  27    368.9    138.1   0.0195   0.0694   0.2809   0.0992   0.2809  -755.884
 41  28    368.3    138.7   0.0139   0.0453   0.3075   0.0675   0.3075  -731.961
 41  29    368.9    138.1   0.0167   0.0942   0.1768   0.1133   0.1768  -761.504
 41  30    367.1    139.9   0.0196   0.0603   0.3254   0.0925   0.3254  -750.168
 41  31    366.1    140.9   0.0000   0.0000   0.9380   0.0000   0.9380  -669.268
 41  32    368.4    138.6   0.0083   0.0530   0.1564   0.0615   0.1564  -726.489
 41  33    368.2    138.8   0.0195   0.0773   0.2529   0.1060   0.2529  -757.949
 41  34    367.3    139.7   0.0083   0.0373   0.2233   0.0489   0.2233  -716.392
 41  35    368.8    138.2   0.0195   0.1024   0.1905   0.1264   0.1905  -766.818
 41  36    366.4    140.6   0.0140   0.1001   0.1395   0.1135   0.1395  -757.697
 41  37    366.0    141.0   0.0140   0.0843   0.1657   0.1006   0.1657  -750.619
 41  38    366.3    140.7   0.0226   0.0444   0.5074   0.0859   0.5074  -749.664
 41  39    368.8    138.2   0.0111   0.0613   0.1804   0.0743   0.1804  -734.027
 41  40    366.0    141.0   0.0140   0.0843   0.1657   0.1006   0.1657  -750.619

