Supplemental results for CODEML (seqf: VOG01867.pal2nal  treef: collapsed_otu5.nwk)


pairwise comparison (Goldman & Yang 1994)
seq seq        N       S       dN       dS     dN/dS   Paras.
  2   1    321.1    104.9   0.0031   0.0000  99.0000   0.0070  99.0000  -581.572
  3   1    320.5    105.5   0.0000   0.0000   0.9054   0.0000   0.9054  -574.361
  3   2    321.1    104.9   0.0031   0.0000  99.0000   0.0070  99.0000  -581.572
  4   1    321.1    104.9   0.0031   0.0000  99.0000   0.0070  99.0000  -581.572
  4   2    321.8    104.2   0.0000   0.0000   0.6235   0.0000   0.6235  -574.147
  4   3    321.1    104.9   0.0031   0.0000  99.0000   0.0070  99.0000  -581.572
  5   1    322.6    103.4   0.0031   0.0634   0.0489   0.0532   0.0489  -610.059
  5   2    323.3    102.7   0.0062   0.0639   0.0970   0.0603   0.0970  -615.830
  5   3    322.6    103.4   0.0031   0.0634   0.0489   0.0532   0.0489  -610.059
  5   4    323.3    102.7   0.0062   0.0639   0.0970   0.0603   0.0970  -615.830
  6   1    322.0    104.0   0.0031   0.0415   0.0748   0.0374   0.0748  -602.352
  6   2    322.6    103.4   0.0062   0.0418   0.1485   0.0446   0.1485  -608.146
  6   3    322.0    104.0   0.0031   0.0415   0.0748   0.0374   0.0748  -602.352
  6   4    322.6    103.4   0.0062   0.0418   0.1485   0.0446   0.1485  -608.146
  6   5    324.4    101.6   0.0000   0.0210   0.0010   0.0151   0.0010  -584.485
  7   1    322.0    104.0   0.0031   0.0415   0.0748   0.0374   0.0748  -602.352
  7   2    322.6    103.4   0.0062   0.0418   0.1485   0.0446   0.1485  -608.146
  7   3    322.0    104.0   0.0031   0.0415   0.0748   0.0374   0.0748  -602.352
  7   4    322.6    103.4   0.0062   0.0418   0.1485   0.0446   0.1485  -608.146
  7   5    324.4    101.6   0.0000   0.0210   0.0010   0.0151   0.0010  -584.485
  7   6    323.6    102.4   0.0000   0.0000   0.7514   0.0000   0.7514  -572.998
  8   1    322.0    104.0   0.0031   0.0415   0.0748   0.0374   0.0748  -602.352
  8   2    322.6    103.4   0.0062   0.0418   0.1485   0.0446   0.1485  -608.146
  8   3    322.0    104.0   0.0031   0.0415   0.0748   0.0374   0.0748  -602.352
  8   4    322.6    103.4   0.0062   0.0418   0.1485   0.0446   0.1485  -608.146
  8   5    324.4    101.6   0.0000   0.0210   0.0010   0.0151   0.0010  -584.485
  8   6    323.6    102.4   0.0000   0.0000   0.7874   0.0000   0.7874  -572.998
  8   7    323.6    102.4   0.0000   0.0000   0.8481   0.0000   0.8481  -572.998
  9   1    320.9    105.1   0.0094   0.0102   0.9185   0.0287   0.9185  -600.211
  9   2    321.6    104.4   0.0062   0.0103   0.6042   0.0216   0.6042  -594.684
  9   3    320.9    105.1   0.0094   0.0102   0.9185   0.0287   0.9185  -600.211
  9   4    321.6    104.4   0.0062   0.0103   0.6042   0.0216   0.6042  -594.684
  9   5    323.2    102.8   0.0125   0.0754   0.1652   0.0829   0.1652  -630.741
  9   6    322.5    103.5   0.0125   0.0528   0.2362   0.0668   0.2362  -623.381
  9   7    322.5    103.5   0.0125   0.0528   0.2362   0.0668   0.2362  -623.381
  9   8    322.5    103.5   0.0125   0.0528   0.2362   0.0668   0.2362  -623.381
 10   1    322.0    104.0   0.0031   0.0415   0.0748   0.0374   0.0748  -602.352
 10   2    322.6    103.4   0.0062   0.0418   0.1485   0.0446   0.1485  -608.146
 10   3    322.0    104.0   0.0031   0.0415   0.0748   0.0374   0.0748  -602.352
 10   4    322.6    103.4   0.0062   0.0418   0.1485   0.0446   0.1485  -608.146
 10   5    324.4    101.6   0.0000   0.0210   0.0010   0.0151   0.0010  -584.485
 10   6    323.6    102.4   0.0000   0.0000   0.8772   0.0000   0.8772  -572.998
 10   7    323.6    102.4   0.0000   0.0000   0.8507   0.0000   0.8507  -572.998
 10   8    323.6    102.4   0.0000   0.0000   0.8628   0.0000   0.8628  -572.998
 10   9    322.5    103.5   0.0125   0.0528   0.2362   0.0668   0.2362  -623.381
 11   1    321.4    104.6   0.0094   0.0519   0.1805   0.0595   0.1805  -620.096
 11   2    322.0    104.0   0.0062   0.0522   0.1190   0.0524   0.1190  -614.253
 11   3    321.4    104.6   0.0094   0.0519   0.1805   0.0595   0.1805  -620.096
 11   4    322.0    104.0   0.0062   0.0522   0.1190   0.0524   0.1190  -614.253
 11   5    323.7    102.3   0.0125   0.0531   0.2346   0.0666   0.2346  -623.498
 11   6    323.0    103.0   0.0125   0.0312   0.3999   0.0511   0.3999  -615.344
 11   7    323.0    103.0   0.0125   0.0312   0.3999   0.0511   0.3999  -615.344
 11   8    323.0    103.0   0.0125   0.0312   0.3999   0.0511   0.3999  -615.344
 11   9    321.9    104.1   0.0062   0.0634   0.0982   0.0606   0.0982  -617.106
 11  10    323.0    103.0   0.0125   0.0312   0.3999   0.0511   0.3999  -615.344
 12   1    321.8    104.2   0.0253   0.0968   0.2612   0.1283   0.2612  -661.038
 12   2    322.4    103.6   0.0220   0.0974   0.2259   0.1210   0.2259  -656.296
 12   3    321.8    104.2   0.0253   0.0968   0.2612   0.1283   0.2612  -661.038
 12   4    322.4    103.6   0.0220   0.0974   0.2259   0.1210   0.2259  -656.296
 12   5    324.1    101.9   0.0219   0.0763   0.2869   0.1048   0.2869  -648.507
 12   6    323.4    102.6   0.0219   0.0535   0.4106   0.0886   0.4106  -641.230
 12   7    323.4    102.6   0.0219   0.0535   0.4106   0.0886   0.4106  -641.230
 12   8    323.4    102.6   0.0219   0.0535   0.4106   0.0886   0.4106  -641.230
 12   9    322.3    103.7   0.0220   0.1094   0.2012   0.1299   0.2012  -658.606
 12  10    323.4    102.6   0.0219   0.0535   0.4106   0.0886   0.4106  -641.230
 12  11    322.7    103.3   0.0220   0.0639   0.3443   0.0965   0.3443  -645.316
 13   1    320.5    105.5   0.0000   0.0000   0.7742   0.0000   0.7742  -574.361
 13   2    321.1    104.9   0.0031   0.0000  99.0000   0.0070  99.0000  -581.572
 13   3    320.5    105.5   0.0000   0.0000   0.8085   0.0000   0.8085  -574.361
 13   4    321.1    104.9   0.0031   0.0000  99.0000   0.0070  99.0000  -581.572
 13   5    322.6    103.4   0.0031   0.0634   0.0489   0.0532   0.0489  -610.059
 13   6    322.0    104.0   0.0031   0.0415   0.0748   0.0374   0.0748  -602.352
 13   7    322.0    104.0   0.0031   0.0415   0.0748   0.0374   0.0748  -602.352
 13   8    322.0    104.0   0.0031   0.0415   0.0748   0.0374   0.0748  -602.352
 13   9    320.9    105.1   0.0094   0.0102   0.9185   0.0287   0.9185  -600.211
 13  10    322.0    104.0   0.0031   0.0415   0.0748   0.0374   0.0748  -602.352
 13  11    321.4    104.6   0.0094   0.0519   0.1805   0.0595   0.1805  -620.096
 13  12    321.8    104.2   0.0253   0.0968   0.2612   0.1283   0.2612  -661.038
 14   1    321.1    104.9   0.0031   0.0000  99.0000   0.0070  99.0000  -581.572
 14   2    321.8    104.2   0.0000   0.0000   0.0010   0.0000   0.0010  -574.147
 14   3    321.1    104.9   0.0031   0.0000  99.0000   0.0070  99.0000  -581.572
 14   4    321.8    104.2   0.0000   0.0000   0.9564   0.0000   0.9564  -574.147
 14   5    323.3    102.7   0.0062   0.0639   0.0970   0.0603   0.0970  -615.830
 14   6    322.6    103.4   0.0062   0.0418   0.1485   0.0446   0.1485  -608.146
 14   7    322.6    103.4   0.0062   0.0418   0.1485   0.0446   0.1485  -608.146
 14   8    322.6    103.4   0.0062   0.0418   0.1485   0.0446   0.1485  -608.146
 14   9    321.6    104.4   0.0062   0.0103   0.6042   0.0216   0.6042  -594.684
 14  10    322.6    103.4   0.0062   0.0418   0.1485   0.0446   0.1485  -608.146
 14  11    322.0    104.0   0.0062   0.0522   0.1190   0.0524   0.1190  -614.253
 14  12    322.4    103.6   0.0220   0.0974   0.2259   0.1210   0.2259  -656.296
 14  13    321.1    104.9   0.0031   0.0000  99.0000   0.0070  99.0000  -581.572
 15   1    321.6    104.4   0.0031   0.0519   0.0598   0.0452   0.0598  -607.320
 15   2    322.3    103.7   0.0062   0.0524   0.1187   0.0523   0.1187  -613.104
 15   3    321.6    104.4   0.0031   0.0519   0.0598   0.0452   0.0598  -607.320
 15   4    322.3    103.7   0.0062   0.0524   0.1187   0.0523   0.1187  -613.104
 15   5    324.0    102.0   0.0000   0.0315   0.0010   0.0227   0.0010  -590.125
 15   6    323.3    102.7   0.0000   0.0099   0.0010   0.0072   0.0010  -580.532
 15   7    323.3    102.7   0.0000   0.0099   0.0010   0.0072   0.0010  -580.532
 15   8    323.3    102.7   0.0000   0.0103   0.0010   0.0075   0.0010  -580.531
 15   9    322.2    103.8   0.0125   0.0635   0.1967   0.0747   0.1967  -628.159
 15  10    323.3    102.7   0.0000   0.0103   0.0010   0.0075   0.0010  -580.531
 15  11    322.6    103.4   0.0125   0.0417   0.2995   0.0587   0.2995  -620.592
 15  12    323.0    103.0   0.0220   0.0642   0.3419   0.0965   0.3419  -645.977
 15  13    321.6    104.4   0.0031   0.0519   0.0598   0.0452   0.0598  -607.320
 15  14    322.3    103.7   0.0062   0.0524   0.1187   0.0523   0.1187  -613.104
 16   1    320.9    105.1   0.0094   0.0102   0.9185   0.0287   0.9185  -600.211
 16   2    321.6    104.4   0.0062   0.0103   0.6042   0.0216   0.6042  -594.684
 16   3    320.9    105.1   0.0094   0.0102   0.9185   0.0287   0.9185  -600.211
 16   4    321.6    104.4   0.0062   0.0103   0.6042   0.0216   0.6042  -594.684
 16   5    323.2    102.8   0.0125   0.0754   0.1652   0.0829   0.1652  -630.741
 16   6    322.5    103.5   0.0125   0.0528   0.2362   0.0668   0.2362  -623.381
 16   7    322.5    103.5   0.0125   0.0528   0.2362   0.0668   0.2362  -623.381
 16   8    322.5    103.5   0.0125   0.0528   0.2362   0.0668   0.2362  -623.381
 16   9    321.4    104.6   0.0000   0.0000   0.8403   0.0000   0.8403  -572.957
 16  10    322.5    103.5   0.0125   0.0528   0.2362   0.0668   0.2362  -623.381
 16  11    321.9    104.1   0.0062   0.0634   0.0982   0.0606   0.0982  -617.106
 16  12    322.3    103.7   0.0220   0.1094   0.2012   0.1299   0.2012  -658.606
 16  13    320.9    105.1   0.0094   0.0102   0.9185   0.0287   0.9185  -600.211
 16  14    321.6    104.4   0.0062   0.0103   0.6042   0.0216   0.6042  -594.684
 16  15    322.2    103.8   0.0125   0.0635   0.1967   0.0747   0.1967  -628.159
 17   1    322.0    104.0   0.0031   0.0415   0.0748   0.0374   0.0748  -602.352
 17   2    322.6    103.4   0.0062   0.0418   0.1485   0.0446   0.1485  -608.146
 17   3    322.0    104.0   0.0031   0.0415   0.0748   0.0374   0.0748  -602.352
 17   4    322.6    103.4   0.0062   0.0418   0.1485   0.0446   0.1485  -608.146
 17   5    324.4    101.6   0.0000   0.0203   0.0010   0.0146   0.0010  -584.486
 17   6    323.6    102.4   0.0000   0.0000   1.0037   0.0000   1.0037  -572.998
 17   7    323.6    102.4   0.0000   0.0000   0.9215   0.0000   0.9215  -572.998
 17   8    323.6    102.4   0.0000   0.0000   0.5449   0.0000   0.5449  -572.998
 17   9    322.5    103.5   0.0125   0.0528   0.2362   0.0668   0.2362  -623.381
 17  10    323.6    102.4   0.0000   0.0000   0.7358   0.0000   0.7358  -572.998
 17  11    323.0    103.0   0.0125   0.0312   0.3999   0.0511   0.3999  -615.344
 17  12    323.4    102.6   0.0219   0.0535   0.4106   0.0886   0.4106  -641.230
 17  13    322.0    104.0   0.0031   0.0415   0.0748   0.0374   0.0748  -602.352
 17  14    322.6    103.4   0.0062   0.0418   0.1485   0.0446   0.1485  -608.146
 17  15    323.3    102.7   0.0000   0.0103   0.0010   0.0075   0.0010  -580.531
 17  16    322.5    103.5   0.0125   0.0528   0.2362   0.0668   0.2362  -623.381
 18   1    320.9    105.1   0.0094   0.0102   0.9185   0.0287   0.9185  -600.211
 18   2    321.6    104.4   0.0062   0.0103   0.6042   0.0216   0.6042  -594.684
 18   3    320.9    105.1   0.0094   0.0102   0.9185   0.0287   0.9185  -600.211
 18   4    321.6    104.4   0.0062   0.0103   0.6042   0.0216   0.6042  -594.684
 18   5    323.2    102.8   0.0125   0.0754   0.1652   0.0829   0.1652  -630.741
 18   6    322.5    103.5   0.0125   0.0528   0.2362   0.0668   0.2362  -623.381
 18   7    322.5    103.5   0.0125   0.0528   0.2362   0.0668   0.2362  -623.381
 18   8    322.5    103.5   0.0125   0.0528   0.2362   0.0668   0.2362  -623.381
 18   9    321.4    104.6   0.0000   0.0000   0.0010   0.0000   0.0010  -572.957
 18  10    322.5    103.5   0.0125   0.0528   0.2362   0.0668   0.2362  -623.381
 18  11    321.9    104.1   0.0062   0.0634   0.0982   0.0606   0.0982  -617.106
 18  12    322.3    103.7   0.0220   0.1094   0.2012   0.1299   0.2012  -658.606
 18  13    320.9    105.1   0.0094   0.0102   0.9185   0.0287   0.9185  -600.211
 18  14    321.6    104.4   0.0062   0.0103   0.6042   0.0216   0.6042  -594.684
 18  15    322.2    103.8   0.0125   0.0635   0.1967   0.0747   0.1967  -628.159
 18  16    321.4    104.6   0.0000   0.0000   0.8668   0.0000   0.8668  -572.957
 18  17    322.5    103.5   0.0125   0.0528   0.2362   0.0668   0.2362  -623.381

