Supplemental results for CODEML (seqf: K03791.pal2nal  treef: collapsed_otu5.nwk)


pairwise comparison (Goldman & Yang 1994)
seq seq        N       S       dN       dS     dN/dS   Paras.
  2   1    423.5    119.5   0.0100   0.1332   0.0750   0.1113   0.0750  -803.129
  3   1    423.5    119.5   0.0100   0.1332   0.0750   0.1113   0.0750  -803.129
  3   2    419.6    123.4   0.0000   0.0000  56.1493   0.0000  56.1493  -712.223
  4   1    426.8    116.2   0.0110   0.0208   0.5272   0.0393   0.5272  -750.334
  4   2    422.7    120.3   0.0097   0.1235   0.0783   0.1046   0.0783  -798.249
  4   3    422.7    120.3   0.0097   0.1235   0.0783   0.1046   0.0783  -798.249
  5   1    423.5    119.5   0.0100   0.1332   0.0750   0.1113   0.0750  -803.129
  5   2    419.6    123.4   0.0000   0.0000   0.7166   0.0000   0.7166  -712.223
  5   3    419.6    123.4   0.0000   0.0000   0.8782   0.0000   0.8782  -712.223
  5   4    422.7    120.3   0.0097   0.1235   0.0783   0.1046   0.0783  -798.249
  6   1    423.5    119.5   0.0100   0.1332   0.0750   0.1113   0.0750  -803.129
  6   2    419.6    123.4   0.0000   0.0000  21.8434   0.0000  21.8434  -712.223
  6   3    419.6    123.4   0.0000   0.0000   0.9057   0.0000   0.9057  -712.223
  6   4    422.7    120.3   0.0097   0.1235   0.0783   0.1046   0.0783  -798.249
  6   5    419.6    123.4   0.0000   0.0000   0.8769   0.0000   0.8769  -712.223
  7   1    427.6    115.4   0.0286   0.0739   0.3863   0.1146   0.3863  -816.753
  7   2    423.6    119.4   0.0271   0.1442   0.1880   0.1586   0.1880  -843.863
  7   3    423.6    119.4   0.0271   0.1442   0.1880   0.1586   0.1880  -843.863
  7   4    426.8    116.2   0.0223   0.0691   0.3223   0.0969   0.3223  -803.141
  7   5    423.6    119.4   0.0271   0.1442   0.1880   0.1586   0.1880  -843.863
  7   6    423.6    119.4   0.0271   0.1442   0.1880   0.1586   0.1880  -843.863
  8   1    423.5    119.5   0.0100   0.1332   0.0750   0.1113   0.0750  -803.129
  8   2    419.6    123.4   0.0000   0.0000   0.8392   0.0000   0.8392  -712.223
  8   3    419.6    123.4   0.0000   0.0000   0.8391   0.0000   0.8391  -712.223
  8   4    422.7    120.3   0.0097   0.1235   0.0783   0.1046   0.0783  -798.249
  8   5    419.6    123.4   0.0000   0.0000   0.9668   0.0000   0.9668  -712.223
  8   6    419.6    123.4   0.0000   0.0000   0.9087   0.0000   0.9087  -712.223
  8   7    423.6    119.4   0.0271   0.1442   0.1880   0.1586   0.1880  -843.863
  9   1    426.7    116.3   0.0099   0.1268   0.0784   0.1049   0.0784  -797.046
  9   2    422.6    120.4   0.0048   0.0509   0.0945   0.0451   0.0945  -754.925
  9   3    422.6    120.4   0.0048   0.0509   0.0945   0.0451   0.0945  -754.925
  9   4    425.9    117.1   0.0096   0.1171   0.0819   0.0983   0.0819  -792.148
  9   5    422.6    120.4   0.0048   0.0509   0.0945   0.0451   0.0945  -754.925
  9   6    422.6    120.4   0.0048   0.0509   0.0945   0.0451   0.0945  -754.925
  9   7    426.6    116.4   0.0269   0.1584   0.1695   0.1652   0.1695  -844.087
  9   8    422.6    120.4   0.0048   0.0509   0.0945   0.0451   0.0945  -754.925
 10   1    425.5    117.5   0.0024   0.1072   0.0222   0.0752   0.0222  -768.061
 10   2    421.5    121.5   0.0078   0.0574   0.1356   0.0567   0.1356  -767.868
 10   3    421.5    121.5   0.0078   0.0574   0.1356   0.0567   0.1356  -767.868
 10   4    424.7    118.3   0.0126   0.1145   0.1097   0.1043   0.1097  -797.646
 10   5    421.5    121.5   0.0078   0.0574   0.1356   0.0567   0.1356  -767.868
 10   6    421.5    121.5   0.0078   0.0574   0.1356   0.0567   0.1356  -767.868
 10   7    425.5    117.5   0.0303   0.1545   0.1961   0.1715   0.1961  -850.727
 10   8    421.5    121.5   0.0078   0.0574   0.1356   0.0567   0.1356  -767.868
 10   9    424.6    118.4   0.0127   0.0764   0.1660   0.0797   0.1660  -784.636
 11   1    430.3    112.7   0.0050   0.1017   0.0492   0.0752   0.0492  -769.425
 11   2    426.1    116.9   0.0048   0.1371   0.0348   0.0998   0.0348  -786.921
 11   3    426.1    116.9   0.0048   0.1371   0.0348   0.0998   0.0348  -786.921
 11   4    429.5    113.5   0.0047   0.0918   0.0516   0.0688   0.0516  -764.115
 11   5    426.1    116.9   0.0048   0.1371   0.0348   0.0998   0.0348  -786.921
 11   6    426.1    116.9   0.0048   0.1371   0.0348   0.0998   0.0348  -786.921
 11   7    430.2    112.8   0.0218   0.1118   0.1949   0.1215   0.1949  -812.487
 11   8    426.1    116.9   0.0048   0.1371   0.0348   0.0998   0.0348  -786.921
 11   9    429.4    113.6   0.0047   0.0815   0.0581   0.0623   0.0581  -764.156
 11  10    428.2    114.8   0.0074   0.1493   0.0495   0.1122   0.0495  -795.059
 12   1    428.3    114.7   0.0052   0.0607   0.0858   0.0508   0.0858  -754.948
 12   2    424.1    118.9   0.0048   0.1058   0.0453   0.0807   0.0453  -778.532
 12   3    424.1    118.9   0.0048   0.1058   0.0453   0.0807   0.0453  -778.532
 12   4    427.4    115.6   0.0048   0.0525   0.0907   0.0448   0.0907  -749.162
 12   5    424.1    118.9   0.0048   0.1058   0.0453   0.0807   0.0453  -778.532
 12   6    424.1    118.9   0.0048   0.1058   0.0453   0.0807   0.0453  -778.532
 12   7    428.2    114.8   0.0219   0.1091   0.2011   0.1211   0.2011  -815.379
 12   8    424.1    118.9   0.0048   0.1058   0.0453   0.0807   0.0453  -778.532
 12   9    427.4    115.6   0.0048   0.0991   0.0480   0.0745   0.0480  -772.244
 12  10    426.2    116.8   0.0076   0.0782   0.0977   0.0685   0.0977  -771.193
 12  11    431.0    112.0   0.0001   0.1123   0.0010   0.0697   0.0010  -755.121
 13   1    427.6    115.4   0.0000   0.0000  99.0000   0.0000  99.0000  -703.933
 13   2    423.5    119.5   0.0100   0.1332   0.0750   0.1113   0.0750  -803.129
 13   3    423.5    119.5   0.0100   0.1332   0.0750   0.1113   0.0750  -803.129
 13   4    426.8    116.2   0.0110   0.0208   0.5272   0.0393   0.5272  -750.334
 13   5    423.5    119.5   0.0100   0.1332   0.0750   0.1113   0.0750  -803.129
 13   6    423.5    119.5   0.0100   0.1332   0.0750   0.1113   0.0750  -803.129
 13   7    427.6    115.4   0.0286   0.0739   0.3863   0.1146   0.3863  -816.753
 13   8    423.5    119.5   0.0100   0.1332   0.0750   0.1113   0.0750  -803.129
 13   9    426.7    116.3   0.0099   0.1268   0.0784   0.1049   0.0784  -797.046
 13  10    425.5    117.5   0.0024   0.1072   0.0222   0.0752   0.0222  -768.061
 13  11    430.3    112.7   0.0050   0.1017   0.0492   0.0752   0.0492  -769.425
 13  12    428.3    114.7   0.0052   0.0607   0.0858   0.0508   0.0858  -754.948
 14   1    430.3    112.7   0.0050   0.1017   0.0492   0.0752   0.0492  -769.425
 14   2    426.1    116.9   0.0048   0.1371   0.0348   0.0998   0.0348  -786.921
 14   3    426.1    116.9   0.0048   0.1371   0.0348   0.0998   0.0348  -786.921
 14   4    429.5    113.5   0.0047   0.0918   0.0516   0.0688   0.0516  -764.115
 14   5    426.1    116.9   0.0048   0.1371   0.0348   0.0998   0.0348  -786.921
 14   6    426.1    116.9   0.0048   0.1371   0.0348   0.0998   0.0348  -786.921
 14   7    430.2    112.8   0.0218   0.1118   0.1949   0.1215   0.1949  -812.487
 14   8    426.1    116.9   0.0048   0.1371   0.0348   0.0998   0.0348  -786.921
 14   9    429.4    113.6   0.0047   0.0815   0.0581   0.0623   0.0581  -764.156
 14  10    428.2    114.8   0.0074   0.1493   0.0495   0.1122   0.0495  -795.059
 14  11    433.1    109.9   0.0000   0.0000  99.0000   0.0000  99.0000  -702.282
 14  12    431.0    112.0   0.0001   0.1117   0.0010   0.0694   0.0010  -755.121
 14  13    430.3    112.7   0.0050   0.1017   0.0492   0.0752   0.0492  -769.425
 15   1    426.2    116.8   0.0100   0.1164   0.0857   0.0986   0.0857  -794.151
 15   2    422.2    120.8   0.0048   0.0420   0.1145   0.0393   0.1145  -751.063
 15   3    422.2    120.8   0.0048   0.0420   0.1145   0.0393   0.1145  -751.063
 15   4    425.4    117.6   0.0096   0.1070   0.0897   0.0921   0.0897  -789.182
 15   5    422.2    120.8   0.0048   0.0420   0.1145   0.0393   0.1145  -751.063
 15   6    422.2    120.8   0.0048   0.0420   0.1145   0.0393   0.1145  -751.063
 15   7    426.2    116.8   0.0269   0.1475   0.1825   0.1585   0.1825  -841.357
 15   8    422.2    120.8   0.0048   0.0420   0.1145   0.0393   0.1145  -751.063
 15   9    425.4    117.6   0.0000   0.0085   0.0010   0.0055   0.0010  -715.672
 15  10    424.2    118.8   0.0126   0.0856   0.1475   0.0858   0.1475  -788.673
 15  11    428.9    114.1   0.0047   0.0908   0.0521   0.0684   0.0521  -768.292
 15  12    426.9    116.1   0.0048   0.0892   0.0533   0.0685   0.0533  -769.088
 15  13    426.2    116.8   0.0100   0.1164   0.0857   0.0986   0.0857  -794.151
 15  14    428.9    114.1   0.0047   0.0908   0.0521   0.0684   0.0521  -768.292
 16   1    426.2    116.8   0.0100   0.1164   0.0857   0.0986   0.0857  -794.151
 16   2    422.2    120.8   0.0048   0.0420   0.1145   0.0393   0.1145  -751.063
 16   3    422.2    120.8   0.0048   0.0420   0.1145   0.0393   0.1145  -751.063
 16   4    425.4    117.6   0.0096   0.1070   0.0897   0.0921   0.0897  -789.182
 16   5    422.2    120.8   0.0048   0.0420   0.1145   0.0393   0.1145  -751.063
 16   6    422.2    120.8   0.0048   0.0420   0.1145   0.0393   0.1145  -751.063
 16   7    426.2    116.8   0.0269   0.1475   0.1825   0.1585   0.1825  -841.357
 16   8    422.2    120.8   0.0048   0.0420   0.1145   0.0393   0.1145  -751.063
 16   9    425.4    117.6   0.0000   0.0085   0.0010   0.0055   0.0010  -715.672
 16  10    424.2    118.8   0.0126   0.0856   0.1475   0.0858   0.1475  -788.673
 16  11    428.9    114.1   0.0047   0.0908   0.0521   0.0684   0.0521  -768.292
 16  12    426.9    116.1   0.0048   0.0892   0.0533   0.0685   0.0533  -769.088
 16  13    426.2    116.8   0.0100   0.1164   0.0857   0.0986   0.0857  -794.151
 16  14    428.9    114.1   0.0047   0.0908   0.0521   0.0684   0.0521  -768.292
 16  15    424.9    118.1   0.0000   0.0000   0.8857   0.0000   0.8857  -709.099
 17   1    426.8    116.2   0.0110   0.0208   0.5272   0.0393   0.5272  -750.334
 17   2    422.7    120.3   0.0097   0.1235   0.0783   0.1046   0.0783  -798.249
 17   3    422.7    120.3   0.0097   0.1235   0.0783   0.1046   0.0783  -798.249
 17   4    426.0    117.0   0.0000   0.0000   0.9079   0.0000   0.9079  -706.474
 17   5    422.7    120.3   0.0097   0.1235   0.0783   0.1046   0.0783  -798.249
 17   6    422.7    120.3   0.0097   0.1235   0.0783   0.1046   0.0783  -798.249
 17   7    426.8    116.2   0.0223   0.0691   0.3223   0.0969   0.3223  -803.141
 17   8    422.7    120.3   0.0097   0.1235   0.0783   0.1046   0.0783  -798.249
 17   9    425.9    117.1   0.0096   0.1171   0.0819   0.0983   0.0819  -792.148
 17  10    424.7    118.3   0.0126   0.1145   0.1097   0.1043   0.1097  -797.646
 17  11    429.5    113.5   0.0047   0.0918   0.0516   0.0688   0.0516  -764.115
 17  12    427.4    115.6   0.0048   0.0525   0.0907   0.0448   0.0907  -749.162
 17  13    426.8    116.2   0.0110   0.0208   0.5272   0.0393   0.5272  -750.334
 17  14    429.5    113.5   0.0047   0.0918   0.0516   0.0688   0.0516  -764.115
 17  15    425.4    117.6   0.0096   0.1070   0.0897   0.0921   0.0897  -789.182
 17  16    425.4    117.6   0.0096   0.1070   0.0897   0.0921   0.0897  -789.182
 18   1    427.6    115.4   0.0000   0.0000  99.0000   0.0000  99.0000  -703.933
 18   2    423.5    119.5   0.0100   0.1332   0.0750   0.1113   0.0750  -803.129
 18   3    423.5    119.5   0.0100   0.1332   0.0750   0.1113   0.0750  -803.129
 18   4    426.8    116.2   0.0110   0.0208   0.5272   0.0393   0.5272  -750.334
 18   5    423.5    119.5   0.0100   0.1332   0.0750   0.1113   0.0750  -803.129
 18   6    423.5    119.5   0.0100   0.1332   0.0750   0.1113   0.0750  -803.129
 18   7    427.6    115.4   0.0286   0.0739   0.3863   0.1146   0.3863  -816.753
 18   8    423.5    119.5   0.0100   0.1332   0.0750   0.1113   0.0750  -803.129
 18   9    426.7    116.3   0.0099   0.1268   0.0784   0.1049   0.0784  -797.046
 18  10    425.5    117.5   0.0024   0.1072   0.0222   0.0752   0.0222  -768.061
 18  11    430.3    112.7   0.0050   0.1017   0.0492   0.0752   0.0492  -769.425
 18  12    428.3    114.7   0.0052   0.0607   0.0858   0.0508   0.0858  -754.948
 18  13    427.6    115.4   0.0000   0.0000   0.7863   0.0000   0.7863  -703.933
 18  14    430.3    112.7   0.0050   0.1017   0.0492   0.0752   0.0492  -769.425
 18  15    426.2    116.8   0.0100   0.1164   0.0857   0.0986   0.0857  -794.151
 18  16    426.2    116.8   0.0100   0.1164   0.0857   0.0986   0.0857  -794.151
 18  17    426.8    116.2   0.0110   0.0208   0.5272   0.0393   0.5272  -750.334
 19   1    428.0    115.0   0.0024   0.0086   0.2746   0.0111   0.2746  -718.362
 19   2    423.9    119.1   0.0125   0.1432   0.0870   0.1234   0.0870  -811.224
 19   3    423.9    119.1   0.0125   0.1432   0.0870   0.1234   0.0870  -811.224
 19   4    427.2    115.8   0.0133   0.0301   0.4420   0.0506   0.4420  -760.059
 19   5    423.9    119.1   0.0125   0.1432   0.0870   0.1234   0.0870  -811.224
 19   6    423.9    119.1   0.0125   0.1432   0.0870   0.1234   0.0870  -811.224
 19   7    428.0    115.0   0.0309   0.0840   0.3680   0.1265   0.3680  -824.466
 19   8    423.9    119.1   0.0125   0.1432   0.0870   0.1234   0.0870  -811.224
 19   9    427.2    115.8   0.0125   0.1167   0.1067   0.1041   0.1067  -798.697
 19  10    426.0    117.0   0.0048   0.0979   0.0487   0.0745   0.0487  -770.734
 19  11    430.7    112.3   0.0075   0.0913   0.0825   0.0746   0.0825  -771.359
 19  12    428.7    114.3   0.0077   0.0698   0.1102   0.0623   0.1102  -764.335
 19  13    428.0    115.0   0.0024   0.0086   0.2746   0.0111   0.2746  -718.362
 19  14    430.7    112.3   0.0075   0.0913   0.0825   0.0746   0.0825  -771.359
 19  15    426.7    116.3   0.0124   0.1264   0.0983   0.1105   0.0983  -802.372
 19  16    426.7    116.3   0.0124   0.1264   0.0983   0.1105   0.0983  -802.372
 19  17    427.2    115.8   0.0133   0.0301   0.4420   0.0506   0.4420  -760.059
 19  18    428.0    115.0   0.0024   0.0086   0.2746   0.0111   0.2746  -718.362
 20   1    426.7    116.3   0.0050   0.1278   0.0389   0.0938   0.0389  -784.637
 20   2    422.6    120.4   0.0048   0.0510   0.0942   0.0451   0.0942  -755.647
 20   3    422.6    120.4   0.0048   0.0510   0.0942   0.0451   0.0942  -755.647
 20   4    425.9    117.1   0.0048   0.1173   0.0407   0.0872   0.0407  -779.611
 20   5    422.6    120.4   0.0048   0.0510   0.0942   0.0451   0.0942  -755.647
 20   6    422.6    120.4   0.0048   0.0510   0.0942   0.0451   0.0942  -755.647
 20   7    426.6    116.4   0.0219   0.1379   0.1589   0.1403   0.1589  -827.420
 20   8    422.6    120.4   0.0048   0.0510   0.0942   0.0451   0.0942  -755.647
 20   9    425.8    117.2   0.0048   0.0171   0.2795   0.0222   0.2795  -735.243
 20  10    424.6    118.4   0.0075   0.0964   0.0783   0.0808   0.0783  -780.025
 20  11    429.4    113.6   0.0001   0.0812   0.0010   0.0511   0.0010  -748.425
 20  12    427.3    115.7   0.0001   0.0989   0.0010   0.0634   0.0010  -756.912
 20  13    426.7    116.3   0.0050   0.1278   0.0389   0.0938   0.0389  -784.637
 20  14    429.4    113.6   0.0001   0.0815   0.0010   0.0513   0.0010  -748.425
 20  15    425.4    117.6   0.0048   0.0085   0.5644   0.0167   0.5644  -730.058
 20  16    425.4    117.6   0.0048   0.0085   0.5644   0.0167   0.5644  -730.058
 20  17    425.9    117.1   0.0048   0.1173   0.0407   0.0872   0.0407  -779.611
 20  18    426.7    116.3   0.0050   0.1278   0.0389   0.0938   0.0389  -784.637
 20  19    427.1    115.9   0.0074   0.1380   0.0538   0.1058   0.0538  -793.341
 21   1    427.6    115.4   0.0285   0.1034   0.2758   0.1333   0.2758  -824.513
 21   2    423.5    119.5   0.0223   0.1739   0.1281   0.1669   0.1281  -841.057
 21   3    423.5    119.5   0.0223   0.1739   0.1281   0.1669   0.1281  -841.057
 21   4    426.8    116.2   0.0274   0.1162   0.2358   0.1393   0.2358  -826.859
 21   5    423.5    119.5   0.0223   0.1739   0.1281   0.1669   0.1281  -841.057
 21   6    423.5    119.5   0.0223   0.1739   0.1281   0.1669   0.1281  -841.057
 21   7    427.7    115.3   0.0146   0.0804   0.1819   0.0858   0.1819  -786.560
 21   8    423.5    119.5   0.0223   0.1739   0.1281   0.1669   0.1281  -841.057
 21   9    426.6    116.4   0.0269   0.1481   0.1816   0.1587   0.1816  -837.739
 21  10    425.5    117.5   0.0250   0.1863   0.1344   0.1798   0.1344  -847.617
 21  11    430.1    112.9   0.0217   0.1430   0.1520   0.1408   0.1520  -819.878
 21  12    428.2    114.8   0.0221   0.1381   0.1604   0.1400   0.1604  -822.830
 21  13    427.6    115.4   0.0285   0.1034   0.2758   0.1333   0.2758  -824.513
 21  14    430.1    112.9   0.0217   0.1430   0.1520   0.1408   0.1520  -819.878
 21  15    426.1    116.9   0.0272   0.1567   0.1735   0.1652   0.1735  -841.742
 21  16    426.1    116.9   0.0272   0.1567   0.1735   0.1652   0.1735  -841.742
 21  17    426.8    116.2   0.0274   0.1162   0.2358   0.1393   0.2358  -826.859
 21  18    427.6    115.4   0.0285   0.1034   0.2758   0.1333   0.2758  -824.513
 21  19    428.0    115.0   0.0308   0.0946   0.3249   0.1329   0.3249  -824.467
 21  20    426.6    116.4   0.0221   0.1688   0.1309   0.1607   0.1309  -834.371
 22   1    427.1    115.9   0.0195   0.0983   0.1985   0.1090   0.1985  -807.886
 22   2    423.1    119.9   0.0304   0.1605   0.1891   0.1773   0.1891  -857.961
 22   3    423.1    119.9   0.0304   0.1605   0.1891   0.1773   0.1891  -857.961
 22   4    426.3    116.7   0.0307   0.1027   0.2992   0.1386   0.2992  -832.023
 22   5    423.1    119.9   0.0304   0.1605   0.1891   0.1773   0.1891  -857.961
 22   6    423.1    119.9   0.0304   0.1605   0.1891   0.1773   0.1891  -857.961
 22   7    427.1    115.9   0.0126   0.0888   0.1420   0.0866   0.1420  -790.083
 22   8    423.1    119.9   0.0304   0.1605   0.1891   0.1773   0.1891  -857.961
 22   9    426.2    116.8   0.0301   0.1541   0.1956   0.1705   0.1956  -851.807
 22  10    425.0    118.0   0.0220   0.1559   0.1408   0.1532   0.1408  -834.757
 22  11    429.7    113.3   0.0249   0.1493   0.1669   0.1526   0.1669  -834.401
 22  12    427.8    115.2   0.0251   0.1458   0.1722   0.1522   0.1722  -834.659
 22  13    427.1    115.9   0.0195   0.0983   0.1985   0.1090   0.1985  -807.886
 22  14    429.7    113.3   0.0249   0.1493   0.1669   0.1526   0.1669  -834.401
 22  15    425.7    117.3   0.0301   0.1643   0.1834   0.1773   0.1834  -855.159
 22  16    425.7    117.3   0.0301   0.1643   0.1834   0.1773   0.1834  -855.159
 22  17    426.3    116.7   0.0307   0.1027   0.2992   0.1386   0.2992  -832.023
 22  18    427.1    115.9   0.0195   0.0983   0.1985   0.1090   0.1985  -807.886
 22  19    427.6    115.4   0.0220   0.0886   0.2486   0.1086   0.2486  -808.704
 22  20    426.2    116.8   0.0250   0.1767   0.1412   0.1728   0.1412  -848.069
 22  21    427.1    115.9   0.0175   0.1077   0.1627   0.1103   0.1627  -805.994
 23   1    428.4    114.6   0.0127   0.0976   0.1301   0.0919   0.1301  -792.047
 23   2    424.3    118.7   0.0122   0.1444   0.0843   0.1233   0.0843  -811.132
 23   3    424.3    118.7   0.0122   0.1444   0.0843   0.1233   0.0843  -811.132
 23   4    427.6    115.4   0.0122   0.0892   0.1363   0.0856   0.1363  -786.900
 23   5    424.3    118.7   0.0122   0.1444   0.0843   0.1233   0.0843  -811.132
 23   6    424.3    118.7   0.0122   0.1444   0.0843   0.1233   0.0843  -811.132
 23   7    428.3    114.7   0.0297   0.1282   0.2317   0.1515   0.2317  -838.571
 23   8    424.3    118.7   0.0122   0.1444   0.0843   0.1233   0.0843  -811.132
 23   9    427.5    115.5   0.0119   0.1191   0.1003   0.1042   0.1003  -798.080
 23  10    426.3    116.7   0.0148   0.1559   0.0952   0.1355   0.0952  -818.563
 23  11    431.1    111.9   0.0071   0.1130   0.0626   0.0867   0.0626  -778.213
 23  12    429.1    113.9   0.0072   0.1095   0.0659   0.0861   0.0659  -781.413
 23  13    428.4    114.6   0.0127   0.0976   0.1301   0.0919   0.1301  -792.047
 23  14    431.1    111.9   0.0071   0.1130   0.0626   0.0867   0.0626  -778.213
 23  15    427.1    115.9   0.0121   0.1279   0.0946   0.1104   0.0946  -802.442
 23  16    427.1    115.9   0.0121   0.1279   0.0946   0.1104   0.0946  -802.442
 23  17    427.6    115.4   0.0122   0.0892   0.1363   0.0856   0.1363  -786.900
 23  18    428.4    114.6   0.0127   0.0976   0.1301   0.0919   0.1301  -792.047
 23  19    428.8    114.2   0.0151   0.0885   0.1701   0.0915   0.1701  -792.584
 23  20    427.5    115.5   0.0072   0.1390   0.0519   0.1057   0.0519  -793.315
 23  21    428.3    114.7   0.0197   0.0609   0.3236   0.0853   0.3236  -792.590
 23  22    427.9    115.1   0.0330   0.1147   0.2872   0.1509   0.2872  -839.674
 24   1    425.5    117.5   0.0024   0.1072   0.0222   0.0752   0.0222  -768.061
 24   2    421.5    121.5   0.0078   0.0574   0.1356   0.0567   0.1356  -767.868
 24   3    421.5    121.5   0.0078   0.0574   0.1356   0.0567   0.1356  -767.868
 24   4    424.7    118.3   0.0126   0.1145   0.1097   0.1043   0.1097  -797.646
 24   5    421.5    121.5   0.0078   0.0574   0.1356   0.0567   0.1356  -767.868
 24   6    421.5    121.5   0.0078   0.0574   0.1356   0.0567   0.1356  -767.868
 24   7    425.5    117.5   0.0303   0.1545   0.1961   0.1715   0.1961  -850.727
 24   8    421.5    121.5   0.0078   0.0574   0.1356   0.0567   0.1356  -767.868
 24   9    424.6    118.4   0.0127   0.0764   0.1660   0.0797   0.1660  -784.636
 24  10    423.5    119.5   0.0000   0.0000  99.0000   0.0000  99.0000  -705.430
 24  11    428.2    114.8   0.0074   0.1493   0.0495   0.1122   0.0495  -795.059
 24  12    426.2    116.8   0.0076   0.0782   0.0977   0.0685   0.0977  -771.193
 24  13    425.5    117.5   0.0024   0.1072   0.0222   0.0752   0.0222  -768.061
 24  14    428.2    114.8   0.0074   0.1493   0.0495   0.1122   0.0495  -795.059
 24  15    424.2    118.8   0.0126   0.0856   0.1475   0.0858   0.1475  -788.673
 24  16    424.2    118.8   0.0126   0.0856   0.1475   0.0858   0.1475  -788.673
 24  17    424.7    118.3   0.0126   0.1145   0.1097   0.1043   0.1097  -797.646
 24  18    425.5    117.5   0.0024   0.1072   0.0222   0.0752   0.0222  -768.061
 24  19    426.0    117.0   0.0048   0.0979   0.0487   0.0745   0.0487  -770.734
 24  20    424.6    118.4   0.0075   0.0964   0.0783   0.0808   0.0783  -780.025
 24  21    425.5    117.5   0.0250   0.1863   0.1344   0.1798   0.1344  -847.617
 24  22    425.0    118.0   0.0220   0.1559   0.1408   0.1532   0.1408  -834.757
 24  23    426.3    116.7   0.0148   0.1559   0.0952   0.1355   0.0952  -818.563
 25   1    428.0    115.0   0.0078   0.0602   0.1288   0.0566   0.1288  -761.215
 25   2    423.9    119.1   0.0072   0.1060   0.0681   0.0866   0.0681  -784.862
 25   3    423.9    119.1   0.0072   0.1060   0.0681   0.0866   0.0681  -784.862
 25   4    427.2    115.8   0.0024   0.0527   0.0452   0.0393   0.0452  -743.625
 25   5    423.9    119.1   0.0072   0.1060   0.0681   0.0866   0.0681  -784.862
 25   6    423.9    119.1   0.0072   0.1060   0.0681   0.0866   0.0681  -784.862
 25   7    428.0    115.0   0.0195   0.1095   0.1777   0.1156   0.1777  -811.818
 25   8    423.9    119.1   0.0072   0.1060   0.0681   0.0866   0.0681  -784.862
 25   9    427.2    115.8   0.0072   0.0993   0.0721   0.0804   0.0721  -778.517
 25  10    425.9    117.1   0.0102   0.0779   0.1305   0.0743   0.1305  -777.018
 25  11    430.8    112.2   0.0024   0.1125   0.0210   0.0753   0.0210  -763.392
 25  12    428.7    114.3   0.0024   0.0174   0.1359   0.0166   0.1359  -723.170
 25  13    428.0    115.0   0.0078   0.0602   0.1288   0.0566   0.1288  -761.215
 25  14    430.8    112.2   0.0024   0.1125   0.0210   0.0753   0.0210  -763.392
 25  15    426.7    116.3   0.0072   0.0894   0.0801   0.0743   0.0801  -775.372
 25  16    426.7    116.3   0.0072   0.0894   0.0801   0.0743   0.0801  -775.372
 25  17    427.2    115.8   0.0024   0.0527   0.0452   0.0393   0.0452  -743.625
 25  18    428.0    115.0   0.0078   0.0602   0.1288   0.0566   0.1288  -761.215
 25  19    428.5    114.5   0.0102   0.0694   0.1471   0.0681   0.1471  -770.276
 25  20    427.2    115.8   0.0024   0.0995   0.0239   0.0693   0.0239  -765.077
 25  21    427.9    115.1   0.0247   0.1381   0.1788   0.1461   0.1788  -828.006
 25  22    427.5    115.5   0.0277   0.1458   0.1898   0.1584   0.1898  -839.518
 25  23    428.9    114.1   0.0097   0.1097   0.0880   0.0920   0.0880  -787.480
 25  24    425.9    117.1   0.0102   0.0779   0.1305   0.0743   0.1305  -777.018
 26   1    424.0    119.0   0.0100   0.1237   0.0809   0.1048   0.0809  -800.008
 26   2    420.0    123.0   0.0000   0.0081   0.0010   0.0055   0.0010  -718.533
 26   3    420.0    123.0   0.0000   0.0081   0.0010   0.0055   0.0010  -718.533
 26   4    423.2    119.8   0.0097   0.1143   0.0844   0.0982   0.0844  -795.048
 26   5    420.0    123.0   0.0000   0.0081   0.0010   0.0055   0.0010  -718.533
 26   6    420.0    123.0   0.0000   0.0081   0.0010   0.0055   0.0010  -718.533
 26   7    424.0    119.0   0.0271   0.1348   0.2011   0.1522   0.2011  -840.487
 26   8    420.0    123.0   0.0000   0.0082   0.0010   0.0056   0.0010  -718.533
 26   9    423.1    119.9   0.0048   0.0423   0.1135   0.0392   0.1135  -750.709
 26  10    422.0    121.0   0.0079   0.0485   0.1620   0.0508   0.1620  -763.857
 26  11    426.6    116.4   0.0048   0.1276   0.0373   0.0933   0.0373  -783.733
 26  12    424.6    118.4   0.0048   0.0967   0.0495   0.0745   0.0495  -775.135
 26  13    424.0    119.0   0.0100   0.1237   0.0809   0.1048   0.0809  -800.008
 26  14    426.6    116.4   0.0048   0.1276   0.0373   0.0933   0.0373  -783.733
 26  15    422.6    120.4   0.0048   0.0335   0.1433   0.0335   0.1433  -746.645
 26  16    422.6    120.4   0.0048   0.0335   0.1433   0.0335   0.1433  -746.645
 26  17    423.2    119.8   0.0097   0.1143   0.0844   0.0982   0.0844  -795.048
 26  18    424.0    119.0   0.0100   0.1237   0.0809   0.1048   0.0809  -800.008
 26  19    424.4    118.6   0.0125   0.1336   0.0934   0.1168   0.0934  -808.159
 26  20    423.0    120.0   0.0048   0.0424   0.1133   0.0393   0.1133  -751.448
 26  21    424.0    119.0   0.0223   0.1643   0.1356   0.1602   0.1356  -837.813
 26  22    423.5    119.5   0.0304   0.1509   0.2013   0.1707   0.2013  -854.630
 26  23    424.8    118.2   0.0122   0.1349   0.0902   0.1167   0.0902  -808.080
 26  24    422.0    121.0   0.0079   0.0485   0.1620   0.0508   0.1620  -763.857
 26  25    424.4    118.6   0.0072   0.0969   0.0744   0.0804   0.0744  -781.461
 27   1    426.8    116.2   0.0110   0.0208   0.5272   0.0393   0.5272  -750.334
 27   2    422.7    120.3   0.0097   0.1235   0.0783   0.1046   0.0783  -798.249
 27   3    422.7    120.3   0.0097   0.1235   0.0783   0.1046   0.0783  -798.249
 27   4    426.0    117.0   0.0000   0.0000  99.0000   0.0000  99.0000  -706.474
 27   5    422.7    120.3   0.0097   0.1235   0.0783   0.1046   0.0783  -798.249
 27   6    422.7    120.3   0.0097   0.1235   0.0783   0.1046   0.0783  -798.249
 27   7    426.8    116.2   0.0223   0.0691   0.3223   0.0969   0.3223  -803.141
 27   8    422.7    120.3   0.0097   0.1235   0.0783   0.1046   0.0783  -798.249
 27   9    425.9    117.1   0.0096   0.1171   0.0819   0.0983   0.0819  -792.148
 27  10    424.7    118.3   0.0126   0.1145   0.1097   0.1043   0.1097  -797.646
 27  11    429.5    113.5   0.0047   0.0918   0.0516   0.0688   0.0516  -764.115
 27  12    427.4    115.6   0.0048   0.0525   0.0907   0.0448   0.0907  -749.162
 27  13    426.8    116.2   0.0110   0.0208   0.5272   0.0393   0.5272  -750.334
 27  14    429.5    113.5   0.0047   0.0918   0.0516   0.0688   0.0516  -764.115
 27  15    425.4    117.6   0.0096   0.1070   0.0897   0.0921   0.0897  -789.182
 27  16    425.4    117.6   0.0096   0.1070   0.0897   0.0921   0.0897  -789.182
 27  17    426.0    117.0   0.0000   0.0000  99.0000   0.0000  99.0000  -706.474
 27  18    426.8    116.2   0.0110   0.0208   0.5272   0.0393   0.5272  -750.334
 27  19    427.2    115.8   0.0133   0.0301   0.4420   0.0506   0.4420  -760.059
 27  20    425.9    117.1   0.0048   0.1173   0.0407   0.0872   0.0407  -779.611
 27  21    426.8    116.2   0.0274   0.1162   0.2358   0.1393   0.2358  -826.859
 27  22    426.3    116.7   0.0307   0.1027   0.2992   0.1386   0.2992  -832.023
 27  23    427.6    115.4   0.0122   0.0892   0.1363   0.0856   0.1363  -786.900
 27  24    424.7    118.3   0.0126   0.1145   0.1097   0.1043   0.1097  -797.646
 27  25    427.2    115.8   0.0024   0.0527   0.0452   0.0393   0.0452  -743.625
 27  26    423.2    119.8   0.0097   0.1143   0.0844   0.0982   0.0844  -795.048
 28   1    426.0    117.0   0.0332   0.1125   0.2947   0.1508   0.2947  -842.179
 28   2    422.0    121.0   0.0272   0.1419   0.1918   0.1584   0.1918  -846.056
 28   3    422.0    121.0   0.0272   0.1419   0.1918   0.1584   0.1918  -846.056
 28   4    425.2    117.8   0.0323   0.1054   0.3060   0.1444   0.3060  -837.380
 28   5    422.0    121.0   0.0272   0.1419   0.1918   0.1584   0.1918  -846.056
 28   6    422.0    121.0   0.0272   0.1419   0.1918   0.1584   0.1918  -846.056
 28   7    426.1    116.9   0.0144   0.0711   0.2021   0.0797   0.2021  -785.788
 28   8    422.0    121.0   0.0272   0.1419   0.1918   0.1584   0.1918  -846.056
 28   9    425.1    117.9   0.0320   0.1556   0.2056   0.1765   0.2056  -855.052
 28  10    423.9    119.1   0.0303   0.1725   0.1754   0.1843   0.1754  -859.277
 28  11    428.6    114.4   0.0267   0.1509   0.1771   0.1586   0.1771  -837.954
 28  12    426.6    116.4   0.0270   0.1264   0.2134   0.1448   0.2134  -833.981
 28  13    426.0    117.0   0.0332   0.1125   0.2947   0.1508   0.2947  -842.179
 28  14    428.6    114.4   0.0267   0.1509   0.1771   0.1586   0.1771  -837.954
 28  15    424.6    118.4   0.0321   0.1448   0.2214   0.1699   0.2214  -852.298
 28  16    424.6    118.4   0.0321   0.1448   0.2214   0.1699   0.2214  -852.298
 28  17    425.2    117.8   0.0323   0.1054   0.3060   0.1444   0.3060  -837.380
 28  18    426.0    117.0   0.0332   0.1125   0.2947   0.1508   0.2947  -842.179
 28  19    426.4    116.6   0.0356   0.1229   0.2897   0.1630   0.2897  -849.317
 28  20    425.1    117.9   0.0269   0.1563   0.1724   0.1651   0.1724  -845.399
 28  21    426.0    117.0   0.0147   0.0787   0.1867   0.0855   0.1867  -789.161
 28  22    425.5    117.5   0.0176   0.0968   0.1813   0.1041   0.1813  -803.735
 28  23    426.8    116.2   0.0306   0.0658   0.4653   0.1144   0.4653  -816.659
 28  24    423.9    119.1   0.0303   0.1725   0.1754   0.1843   0.1754  -859.277
 28  25    426.4    116.6   0.0295   0.1265   0.2334   0.1511   0.2334  -838.882
 28  26    422.4    120.6   0.0272   0.1327   0.2052   0.1519   0.2052  -842.627
 28  27    425.2    117.8   0.0323   0.1054   0.3060   0.1444   0.3060  -837.380
 29   1    425.7    117.3   0.0303   0.1545   0.1961   0.1714   0.1961  -847.416
 29   2    421.8    121.2   0.0247   0.1626   0.1516   0.1663   0.1516  -846.375
 29   3    421.8    121.2   0.0247   0.1626   0.1516   0.1663   0.1516  -846.375
 29   4    424.9    118.1   0.0296   0.1459   0.2026   0.1645   0.2026  -842.733
 29   5    421.8    121.2   0.0247   0.1626   0.1516   0.1663   0.1516  -846.375
 29   6    421.8    121.2   0.0247   0.1626   0.1516   0.1663   0.1516  -846.375
 29   7    425.9    117.1   0.0120   0.1088   0.1099   0.0985   0.1099  -792.543
 29   8    421.8    121.2   0.0247   0.1626   0.1516   0.1663   0.1516  -846.375
 29   9    424.7    118.3   0.0294   0.1870   0.1574   0.1913   0.1574  -859.019
 29  10    423.7    119.3   0.0279   0.1521   0.1833   0.1655   0.1833  -846.126
 29  11    428.2    114.8   0.0243   0.1606   0.1510   0.1593   0.1510  -835.342
 29  12    426.3    116.7   0.0244   0.1679   0.1453   0.1656   0.1453  -838.583
 29  13    425.7    117.3   0.0303   0.1545   0.1961   0.1714   0.1961  -847.416
 29  14    428.2    114.8   0.0243   0.1606   0.1510   0.1593   0.1510  -835.342
 29  15    424.2    118.8   0.0294   0.1973   0.1493   0.1984   0.1493  -862.054
 29  16    424.2    118.8   0.0294   0.1973   0.1493   0.1984   0.1493  -862.054
 29  17    424.9    118.1   0.0296   0.1459   0.2026   0.1645   0.2026  -842.733
 29  18    425.7    117.3   0.0303   0.1545   0.1961   0.1714   0.1961  -847.416
 29  19    426.2    116.8   0.0329   0.1439   0.2289   0.1704   0.2289  -848.366
 29  20    424.7    118.3   0.0244   0.1873   0.1304   0.1797   0.1304  -848.740
 29  21    425.8    117.2   0.0120   0.1183   0.1012   0.1047   0.1012  -795.739
 29  22    425.3    117.7   0.0150   0.1368   0.1093   0.1241   0.1093  -811.272
 29  23    426.4    116.6   0.0319   0.1475   0.2164   0.1703   0.2164  -850.071
 29  24    423.7    119.3   0.0279   0.1521   0.1833   0.1655   0.1833  -846.126
 29  25    426.0    117.0   0.0269   0.1681   0.1600   0.1719   0.1600  -844.226
 29  26    422.2    120.8   0.0247   0.1532   0.1610   0.1597   0.1610  -843.147
 29  27    424.9    118.1   0.0296   0.1459   0.2026   0.1645   0.2026  -842.733
 29  28    424.2    118.8   0.0120   0.0883   0.1361   0.0861   0.1361  -788.544
 30   1    427.0    116.0   0.0024   0.0437   0.0543   0.0336   0.0543  -739.118
 30   2    422.9    120.1   0.0075   0.1531   0.0487   0.1190   0.0487  -804.619
 30   3    422.9    120.1   0.0075   0.1531   0.0487   0.1190   0.0487  -804.619
 30   4    426.2    116.8   0.0130   0.0490   0.2646   0.0622   0.2646  -769.452
 30   5    422.9    120.1   0.0075   0.1531   0.0487   0.1190   0.0487  -804.619
 30   6    422.9    120.1   0.0075   0.1531   0.0487   0.1190   0.0487  -804.619
 30   7    427.0    116.0   0.0306   0.1043   0.2937   0.1391   0.2937  -831.825
 30   8    422.9    120.1   0.0075   0.1531   0.0487   0.1190   0.0487  -804.619
 30   9    426.1    116.9   0.0125   0.1161   0.1073   0.1043   0.1073  -800.626
 30  10    425.0    118.0   0.0001   0.1259   0.0010   0.0824   0.0010  -767.728
 30  11    429.7    113.3   0.0075   0.0909   0.0828   0.0748   0.0828  -773.416
 30  12    427.7    115.3   0.0076   0.0887   0.0854   0.0744   0.0854  -772.345
 30  13    427.0    116.0   0.0024   0.0437   0.0543   0.0336   0.0543  -739.118
 30  14    429.7    113.3   0.0075   0.0909   0.0828   0.0748   0.0828  -773.416
 30  15    425.7    117.3   0.0125   0.1059   0.1181   0.0981   0.1181  -797.649
 30  16    425.7    117.3   0.0125   0.1059   0.1181   0.0981   0.1181  -797.649
 30  17    426.2    116.8   0.0130   0.0490   0.2646   0.0622   0.2646  -769.452
 30  18    427.0    116.0   0.0024   0.0437   0.0543   0.0336   0.0543  -739.118
 30  19    427.5    115.5   0.0048   0.0529   0.0899   0.0450   0.0899  -749.421
 30  20    426.1    116.9   0.0075   0.1171   0.0639   0.0932   0.0639  -788.861
 30  21    427.0    116.0   0.0254   0.1564   0.1622   0.1601   0.1622  -836.723
 30  22    426.5    116.5   0.0219   0.1277   0.1718   0.1339   0.1718  -822.544
 30  23    427.8    115.2   0.0151   0.1274   0.1183   0.1166   0.1183  -807.339
 30  24    425.0    118.0   0.0001   0.1259   0.0010   0.0824   0.0010  -767.728
 30  25    427.5    115.5   0.0101   0.0885   0.1140   0.0803   0.1140  -778.240
 30  26    423.4    119.6   0.0075   0.1435   0.0520   0.1123   0.0520  -801.642
 30  27    426.2    116.8   0.0130   0.0490   0.2646   0.0622   0.2646  -769.452
 30  28    425.4    117.6   0.0303   0.1438   0.2108   0.1647   0.2108  -847.238
 30  29    425.1    117.9   0.0277   0.1761   0.1571   0.1796   0.1571  -849.250
 31   1    424.0    119.0   0.0100   0.1237   0.0809   0.1048   0.0809  -800.008
 31   2    420.0    123.0   0.0000   0.0081   0.0010   0.0055   0.0010  -718.533
 31   3    420.0    123.0   0.0000   0.0081   0.0010   0.0055   0.0010  -718.533
 31   4    423.2    119.8   0.0097   0.1143   0.0844   0.0982   0.0844  -795.048
 31   5    420.0    123.0   0.0000   0.0082   0.0010   0.0056   0.0010  -718.533
 31   6    420.0    123.0   0.0000   0.0081   0.0010   0.0056   0.0010  -718.533
 31   7    424.0    119.0   0.0271   0.1348   0.2011   0.1522   0.2011  -840.487
 31   8    420.0    123.0   0.0000   0.0081   0.0010   0.0056   0.0010  -718.533
 31   9    423.1    119.9   0.0048   0.0423   0.1135   0.0392   0.1135  -750.709
 31  10    422.0    121.0   0.0079   0.0485   0.1620   0.0508   0.1620  -763.857
 31  11    426.6    116.4   0.0048   0.1276   0.0373   0.0933   0.0373  -783.733
 31  12    424.6    118.4   0.0048   0.0967   0.0495   0.0745   0.0495  -775.135
 31  13    424.0    119.0   0.0100   0.1237   0.0809   0.1048   0.0809  -800.008
 31  14    426.6    116.4   0.0048   0.1276   0.0373   0.0933   0.0373  -783.733
 31  15    422.6    120.4   0.0048   0.0335   0.1433   0.0335   0.1433  -746.645
 31  16    422.6    120.4   0.0048   0.0335   0.1433   0.0335   0.1433  -746.645
 31  17    423.2    119.8   0.0097   0.1143   0.0844   0.0982   0.0844  -795.048
 31  18    424.0    119.0   0.0100   0.1237   0.0809   0.1048   0.0809  -800.008
 31  19    424.4    118.6   0.0125   0.1336   0.0934   0.1168   0.0934  -808.159
 31  20    423.0    120.0   0.0048   0.0424   0.1133   0.0393   0.1133  -751.448
 31  21    424.0    119.0   0.0223   0.1643   0.1356   0.1602   0.1356  -837.813
 31  22    423.5    119.5   0.0304   0.1509   0.2013   0.1707   0.2013  -854.630
 31  23    424.8    118.2   0.0122   0.1349   0.0902   0.1167   0.0902  -808.080
 31  24    422.0    121.0   0.0079   0.0485   0.1620   0.0508   0.1620  -763.857
 31  25    424.4    118.6   0.0072   0.0969   0.0744   0.0804   0.0744  -781.461
 31  26    420.5    122.5   0.0000   0.0000   0.7029   0.0000   0.7029  -711.612
 31  27    423.2    119.8   0.0097   0.1143   0.0844   0.0982   0.0844  -795.048
 31  28    422.4    120.6   0.0272   0.1327   0.2052   0.1519   0.2052  -842.627
 31  29    422.2    120.8   0.0247   0.1532   0.1610   0.1597   0.1610  -843.147
 31  30    423.4    119.6   0.0075   0.1435   0.0520   0.1123   0.0520  -801.642
 32   1    428.3    114.7   0.0052   0.0607   0.0858   0.0508   0.0858  -754.948
 32   2    424.1    118.9   0.0048   0.1058   0.0453   0.0807   0.0453  -778.532
 32   3    424.1    118.9   0.0048   0.1058   0.0453   0.0807   0.0453  -778.532
 32   4    427.4    115.6   0.0048   0.0525   0.0907   0.0448   0.0907  -749.162
 32   5    424.1    118.9   0.0048   0.1058   0.0453   0.0807   0.0453  -778.532
 32   6    424.1    118.9   0.0048   0.1058   0.0453   0.0807   0.0453  -778.532
 32   7    428.2    114.8   0.0219   0.1091   0.2011   0.1211   0.2011  -815.379
 32   8    424.1    118.9   0.0048   0.1058   0.0453   0.0807   0.0453  -778.532
 32   9    427.4    115.6   0.0048   0.0991   0.0480   0.0745   0.0480  -772.244
 32  10    426.2    116.8   0.0076   0.0782   0.0977   0.0685   0.0977  -771.193
 32  11    431.0    112.0   0.0001   0.1117   0.0010   0.0694   0.0010  -755.121
 32  12    428.9    114.1   0.0000   0.0000  99.0000   0.0000  99.0000  -703.156
 32  13    428.3    114.7   0.0052   0.0607   0.0858   0.0508   0.0858  -754.948
 32  14    431.0    112.0   0.0001   0.1117   0.0010   0.0694   0.0010  -755.121
 32  15    426.9    116.1   0.0048   0.0892   0.0533   0.0685   0.0533  -769.088
 32  16    426.9    116.1   0.0048   0.0892   0.0533   0.0685   0.0533  -769.088
 32  17    427.4    115.6   0.0048   0.0525   0.0907   0.0448   0.0907  -749.162
 32  18    428.3    114.7   0.0052   0.0607   0.0858   0.0508   0.0858  -754.948
 32  19    428.7    114.3   0.0077   0.0698   0.1102   0.0623   0.1102  -764.335
 32  20    427.3    115.7   0.0001   0.0989   0.0010   0.0634   0.0010  -756.912
 32  21    428.2    114.8   0.0221   0.1381   0.1604   0.1400   0.1604  -822.830
 32  22    427.8    115.2   0.0251   0.1458   0.1722   0.1522   0.1722  -834.659
 32  23    429.1    113.9   0.0072   0.1095   0.0659   0.0861   0.0659  -781.413
 32  24    426.2    116.8   0.0076   0.0782   0.0977   0.0685   0.0977  -771.193
 32  25    428.7    114.3   0.0024   0.0174   0.1359   0.0166   0.1359  -723.170
 32  26    424.6    118.4   0.0048   0.0967   0.0495   0.0745   0.0495  -775.135
 32  27    427.4    115.6   0.0048   0.0525   0.0907   0.0448   0.0907  -749.162
 32  28    426.6    116.4   0.0270   0.1264   0.2134   0.1448   0.2134  -833.981
 32  29    426.3    116.7   0.0244   0.1679   0.1453   0.1656   0.1453  -838.583
 32  30    427.7    115.3   0.0076   0.0887   0.0854   0.0744   0.0854  -772.345
 32  31    424.6    118.4   0.0048   0.0967   0.0495   0.0745   0.0495  -775.135
 33   1    426.0    117.0   0.0051   0.0879   0.0576   0.0688   0.0576  -771.140
 33   2    421.9    121.1   0.0048   0.0419   0.1150   0.0393   0.1150  -753.044
 33   3    421.9    121.1   0.0048   0.0419   0.1150   0.0393   0.1150  -753.044
 33   4    425.2    117.8   0.0048   0.0788   0.0608   0.0625   0.0608  -765.761
 33   5    421.9    121.1   0.0048   0.0419   0.1150   0.0393   0.1150  -753.044
 33   6    421.9    121.1   0.0048   0.0419   0.1150   0.0393   0.1150  -753.044
 33   7    425.9    117.1   0.0220   0.1370   0.1603   0.1404   0.1603  -830.175
 33   8    421.9    121.1   0.0048   0.0419   0.1150   0.0393   0.1150  -753.044
 33   9    425.1    117.9   0.0048   0.0342   0.1396   0.0335   0.1396  -745.801
 33  10    423.9    119.1   0.0077   0.0676   0.1138   0.0625   0.1138  -768.446
 33  11    428.7    114.3   0.0001   0.1194   0.0010   0.0757   0.0010  -763.660
 33  12    426.6    116.4   0.0001   0.0611   0.0010   0.0394   0.0010  -742.184
 33  13    426.0    117.0   0.0051   0.0879   0.0576   0.0688   0.0576  -771.140
 33  14    428.7    114.3   0.0001   0.1194   0.0010   0.0757   0.0010  -763.660
 33  15    424.7    118.3   0.0048   0.0254   0.1880   0.0278   0.1880  -741.483
 33  16    424.7    118.3   0.0048   0.0254   0.1880   0.0278   0.1880  -741.483
 33  17    425.2    117.8   0.0048   0.0788   0.0608   0.0625   0.0608  -765.761
 33  18    426.0    117.0   0.0051   0.0879   0.0576   0.0688   0.0576  -771.140
 33  19    426.4    116.6   0.0075   0.0973   0.0775   0.0805   0.0775  -780.188
 33  20    425.1    117.9   0.0000   0.0342   0.0010   0.0223   0.0010  -730.389
 33  21    425.9    117.1   0.0222   0.1463   0.1519   0.1469   0.1519  -830.621
 33  22    425.5    117.5   0.0252   0.1333   0.1892   0.1459   0.1892  -836.153
 33  23    426.8    116.2   0.0072   0.1178   0.0615   0.0927   0.0615  -789.173
 33  24    423.9    119.1   0.0077   0.0676   0.1138   0.0625   0.1138  -768.446
 33  25    426.4    116.6   0.0024   0.0614   0.0388   0.0452   0.0388  -750.310
 33  26    422.4    120.6   0.0048   0.0334   0.1439   0.0335   0.1439  -748.635
 33  27    425.2    117.8   0.0048   0.0788   0.0608   0.0625   0.0608  -765.761
 33  28    424.4    118.6   0.0271   0.1346   0.2012   0.1517   0.2012  -841.493
 33  29    424.0    119.0   0.0245   0.1758   0.1393   0.1730   0.1393  -846.045
 33  30    425.4    117.6   0.0075   0.1163   0.0644   0.0932   0.0644  -787.447
 33  31    422.4    120.6   0.0048   0.0334   0.1439   0.0335   0.1439  -748.635
 33  32    426.6    116.4   0.0001   0.0611   0.0010   0.0394   0.0010  -742.184
 34   1    426.3    116.7   0.0103   0.0590   0.1748   0.0623   0.1748  -769.820
 34   2    422.2    120.8   0.0048   0.1330   0.0362   0.1000   0.0362  -790.148
 34   3    422.2    120.8   0.0048   0.1330   0.0362   0.1000   0.0362  -790.148
 34   4    425.5    117.5   0.0048   0.0520   0.0919   0.0450   0.0919  -753.209
 34   5    422.2    120.8   0.0048   0.1330   0.0362   0.1000   0.0362  -790.148
 34   6    422.2    120.8   0.0048   0.1330   0.0362   0.1000   0.0362  -790.148
 34   7    426.3    116.7   0.0221   0.0885   0.2500   0.1091   0.2500  -809.921
 34   8    422.2    120.8   0.0048   0.1330   0.0362   0.1000   0.0362  -790.148
 34   9    425.4    117.6   0.0096   0.0977   0.0982   0.0860   0.0982  -786.326
 34  10    424.2    118.8   0.0075   0.1446   0.0516   0.1124   0.0516  -798.782
 34  11    429.0    114.0   0.0047   0.0725   0.0654   0.0569   0.0654  -757.892
 34  12    426.9    116.1   0.0048   0.0893   0.0534   0.0685   0.0534  -766.268
 34  13    426.3    116.7   0.0103   0.0590   0.1748   0.0623   0.1748  -769.820
 34  14    429.0    114.0   0.0047   0.0725   0.0654   0.0569   0.0654  -757.892
 34  15    424.9    118.1   0.0096   0.0880   0.1092   0.0800   0.1092  -783.168
 34  16    424.9    118.1   0.0096   0.0880   0.1092   0.0800   0.1092  -783.168
 34  17    425.5    117.5   0.0048   0.0520   0.0919   0.0450   0.0919  -753.209
 34  18    426.3    116.7   0.0103   0.0590   0.1748   0.0623   0.1748  -769.820
 34  19    426.7    116.3   0.0128   0.0682   0.1870   0.0739   0.1870  -778.666
 34  20    425.4    117.6   0.0048   0.0979   0.0488   0.0749   0.0488  -773.829
 34  21    426.2    116.8   0.0222   0.1371   0.1622   0.1409   0.1622  -823.853
 34  22    425.8    117.2   0.0303   0.1436   0.2110   0.1643   0.2110  -846.382
 34  23    427.1    115.9   0.0121   0.1085   0.1119   0.0981   0.1119  -793.454
 34  24    424.2    118.8   0.0075   0.1446   0.0516   0.1124   0.0516  -798.782
 34  25    426.7    116.3   0.0024   0.0895   0.0266   0.0631   0.0266  -760.724
 34  26    422.7    120.3   0.0048   0.1238   0.0388   0.0935   0.0388  -787.034
 34  27    425.5    117.5   0.0048   0.0520   0.0919   0.0450   0.0919  -753.209
 34  28    424.7    118.3   0.0271   0.1256   0.2159   0.1457   0.2159  -834.381
 34  29    424.4    118.6   0.0245   0.1769   0.1385   0.1734   0.1385  -844.362
 34  30    425.7    117.3   0.0081   0.0311   0.2601   0.0392   0.2601  -752.598
 34  31    422.7    120.3   0.0048   0.1238   0.0388   0.0935   0.0388  -787.034
 34  32    426.9    116.1   0.0048   0.0893   0.0534   0.0685   0.0534  -766.268
 34  33    424.7    118.3   0.0048   0.1162   0.0412   0.0872   0.0412  -781.427
 35   1    428.0    115.0   0.0078   0.0602   0.1288   0.0566   0.1288  -761.215
 35   2    423.9    119.1   0.0072   0.1060   0.0681   0.0866   0.0681  -784.862
 35   3    423.9    119.1   0.0072   0.1060   0.0681   0.0866   0.0681  -784.862
 35   4    427.2    115.8   0.0024   0.0527   0.0452   0.0393   0.0452  -743.625
 35   5    423.9    119.1   0.0072   0.1060   0.0681   0.0866   0.0681  -784.862
 35   6    423.9    119.1   0.0072   0.1060   0.0681   0.0866   0.0681  -784.862
 35   7    428.0    115.0   0.0195   0.1095   0.1777   0.1156   0.1777  -811.818
 35   8    423.9    119.1   0.0072   0.1060   0.0681   0.0866   0.0681  -784.862
 35   9    427.2    115.8   0.0072   0.0993   0.0721   0.0804   0.0721  -778.517
 35  10    425.9    117.1   0.0102   0.0779   0.1305   0.0743   0.1305  -777.018
 35  11    430.8    112.2   0.0024   0.1125   0.0210   0.0753   0.0210  -763.392
 35  12    428.7    114.3   0.0024   0.0174   0.1359   0.0166   0.1359  -723.170
 35  13    428.0    115.0   0.0078   0.0602   0.1288   0.0566   0.1288  -761.215
 35  14    430.8    112.2   0.0024   0.1125   0.0210   0.0753   0.0210  -763.392
 35  15    426.7    116.3   0.0072   0.0894   0.0801   0.0743   0.0801  -775.372
 35  16    426.7    116.3   0.0072   0.0894   0.0801   0.0743   0.0801  -775.372
 35  17    427.2    115.8   0.0024   0.0527   0.0452   0.0393   0.0452  -743.625
 35  18    428.0    115.0   0.0078   0.0602   0.1288   0.0566   0.1288  -761.215
 35  19    428.5    114.5   0.0102   0.0694   0.1471   0.0681   0.1471  -770.276
 35  20    427.2    115.8   0.0024   0.0995   0.0239   0.0693   0.0239  -765.077
 35  21    427.9    115.1   0.0247   0.1381   0.1788   0.1461   0.1788  -828.006
 35  22    427.5    115.5   0.0277   0.1458   0.1898   0.1584   0.1898  -839.518
 35  23    428.9    114.1   0.0097   0.1097   0.0880   0.0920   0.0880  -787.480
 35  24    425.9    117.1   0.0102   0.0779   0.1305   0.0743   0.1305  -777.018
 35  25    428.5    114.5   0.0000   0.0000   0.6968   0.0000   0.6968  -703.646
 35  26    424.4    118.6   0.0072   0.0969   0.0744   0.0804   0.0744  -781.461
 35  27    427.2    115.8   0.0024   0.0527   0.0452   0.0393   0.0452  -743.625
 35  28    426.4    116.6   0.0295   0.1265   0.2334   0.1511   0.2334  -838.882
 35  29    426.0    117.0   0.0269   0.1681   0.1600   0.1719   0.1600  -844.226
 35  30    427.5    115.5   0.0101   0.0885   0.1140   0.0803   0.1140  -778.240
 35  31    424.4    118.6   0.0072   0.0969   0.0744   0.0804   0.0744  -781.461
 35  32    428.7    114.3   0.0024   0.0174   0.1359   0.0166   0.1359  -723.170
 35  33    426.4    116.6   0.0024   0.0614   0.0388   0.0452   0.0388  -750.310
 35  34    426.7    116.3   0.0024   0.0895   0.0266   0.0631   0.0266  -760.724
 36   1    425.5    117.5   0.0024   0.1072   0.0222   0.0752   0.0222  -768.061
 36   2    421.5    121.5   0.0078   0.0574   0.1356   0.0567   0.1356  -767.868
 36   3    421.5    121.5   0.0078   0.0574   0.1356   0.0567   0.1356  -767.868
 36   4    424.7    118.3   0.0126   0.1145   0.1097   0.1043   0.1097  -797.646
 36   5    421.5    121.5   0.0078   0.0574   0.1356   0.0567   0.1356  -767.868
 36   6    421.5    121.5   0.0078   0.0574   0.1356   0.0567   0.1356  -767.868
 36   7    425.5    117.5   0.0303   0.1545   0.1961   0.1715   0.1961  -850.727
 36   8    421.5    121.5   0.0078   0.0574   0.1356   0.0567   0.1356  -767.868
 36   9    424.6    118.4   0.0127   0.0764   0.1660   0.0797   0.1660  -784.636
 36  10    423.5    119.5   0.0000   0.0000  99.0000   0.0000  99.0000  -705.430
 36  11    428.2    114.8   0.0074   0.1493   0.0495   0.1122   0.0495  -795.059
 36  12    426.2    116.8   0.0076   0.0782   0.0977   0.0685   0.0977  -771.193
 36  13    425.5    117.5   0.0024   0.1072   0.0222   0.0752   0.0222  -768.061
 36  14    428.2    114.8   0.0074   0.1493   0.0495   0.1122   0.0495  -795.059
 36  15    424.2    118.8   0.0126   0.0856   0.1475   0.0858   0.1475  -788.673
 36  16    424.2    118.8   0.0126   0.0856   0.1475   0.0858   0.1475  -788.673
 36  17    424.7    118.3   0.0126   0.1145   0.1097   0.1043   0.1097  -797.646
 36  18    425.5    117.5   0.0024   0.1072   0.0222   0.0752   0.0222  -768.061
 36  19    426.0    117.0   0.0048   0.0979   0.0487   0.0745   0.0487  -770.734
 36  20    424.6    118.4   0.0075   0.0964   0.0783   0.0808   0.0783  -780.025
 36  21    425.5    117.5   0.0250   0.1863   0.1344   0.1798   0.1344  -847.617
 36  22    425.0    118.0   0.0220   0.1559   0.1408   0.1532   0.1408  -834.757
 36  23    426.3    116.7   0.0148   0.1559   0.0952   0.1355   0.0952  -818.563
 36  24    423.5    119.5   0.0000   0.0000  99.0000   0.0000  99.0000  -705.430
 36  25    425.9    117.1   0.0102   0.0779   0.1305   0.0743   0.1305  -777.018
 36  26    422.0    121.0   0.0079   0.0485   0.1620   0.0508   0.1620  -763.857
 36  27    424.7    118.3   0.0126   0.1145   0.1097   0.1043   0.1097  -797.646
 36  28    423.9    119.1   0.0303   0.1725   0.1754   0.1843   0.1754  -859.277
 36  29    423.7    119.3   0.0279   0.1521   0.1833   0.1655   0.1833  -846.126
 36  30    425.0    118.0   0.0001   0.1259   0.0010   0.0824   0.0010  -767.728
 36  31    422.0    121.0   0.0079   0.0485   0.1620   0.0508   0.1620  -763.857
 36  32    426.2    116.8   0.0076   0.0782   0.0977   0.0685   0.0977  -771.193
 36  33    423.9    119.1   0.0077   0.0676   0.1138   0.0625   0.1138  -768.446
 36  34    424.2    118.8   0.0075   0.1446   0.0516   0.1124   0.0516  -798.782
 36  35    425.9    117.1   0.0102   0.0779   0.1305   0.0743   0.1305  -777.018
 37   1    428.8    114.2   0.0024   0.0174   0.1357   0.0166   0.1357  -724.690
 37   2    424.7    118.3   0.0125   0.1344   0.0928   0.1171   0.0928  -808.294
 37   3    424.7    118.3   0.0125   0.1344   0.0928   0.1171   0.0928  -808.294
 37   4    428.0    115.0   0.0135   0.0206   0.6553   0.0450   0.6553  -755.435
 37   5    424.7    118.3   0.0125   0.1344   0.0928   0.1171   0.0928  -808.294
 37   6    424.7    118.3   0.0125   0.1344   0.0928   0.1171   0.0928  -808.294
 37   7    428.8    114.2   0.0311   0.0743   0.4180   0.1205   0.4180  -821.073
 37   8    424.7    118.3   0.0125   0.1344   0.0928   0.1171   0.0928  -808.294
 37   9    427.9    115.1   0.0125   0.1078   0.1156   0.0980   0.1156  -795.437
 37  10    426.7    116.3   0.0048   0.0893   0.0534   0.0686   0.0534  -767.386
 37  11    431.5    111.5   0.0076   0.0821   0.0920   0.0686   0.0920  -767.819
 37  12    429.5    113.5   0.0077   0.0607   0.1275   0.0564   0.1275  -760.650
 37  13    428.8    114.2   0.0024   0.0174   0.1357   0.0166   0.1357  -724.690
 37  14    431.5    111.5   0.0076   0.0821   0.0920   0.0686   0.0920  -767.819
 37  15    427.5    115.5   0.0124   0.1175   0.1059   0.1044   0.1059  -799.232
 37  16    427.5    115.5   0.0124   0.1175   0.1059   0.1044   0.1059  -799.232
 37  17    428.0    115.0   0.0135   0.0206   0.6553   0.0450   0.6553  -755.435
 37  18    428.8    114.2   0.0024   0.0174   0.1357   0.0166   0.1357  -724.690
 37  19    429.3    113.7   0.0047   0.0087   0.5452   0.0167   0.5452  -725.205
 37  20    427.9    115.1   0.0074   0.1290   0.0576   0.0996   0.0576  -790.287
 37  21    428.7    114.3   0.0306   0.1057   0.2893   0.1391   0.2893  -828.725
 37  22    428.3    114.7   0.0171   0.0801   0.2129   0.0911   0.2129  -794.802
 37  23    429.6    113.4   0.0151   0.0794   0.1900   0.0855   0.1900  -789.084
 37  24    426.7    116.3   0.0048   0.0893   0.0534   0.0686   0.0534  -767.386
 37  25    429.3    113.7   0.0103   0.0604   0.1701   0.0623   0.1701  -766.556
 37  26    425.1    117.9   0.0125   0.1248   0.1000   0.1106   0.1000  -805.153
 37  27    428.0    115.0   0.0135   0.0206   0.6553   0.0450   0.6553  -755.435
 37  28    427.2    115.8   0.0356   0.1135   0.3139   0.1568   0.3139  -846.339
 37  29    426.9    116.1   0.0330   0.1345   0.2450   0.1640   0.2450  -845.594
 37  30    428.2    114.8   0.0047   0.0442   0.1074   0.0393   0.1074  -745.416
 37  31    425.1    117.9   0.0125   0.1248   0.1000   0.1106   0.1000  -805.153
 37  32    429.5    113.5   0.0077   0.0607   0.1275   0.0564   0.1275  -760.650
 37  33    427.2    115.8   0.0076   0.0885   0.0854   0.0745   0.0854  -776.819
 37  34    427.5    115.5   0.0128   0.0592   0.2163   0.0680   0.2163  -774.924
 37  35    429.3    113.7   0.0103   0.0604   0.1701   0.0623   0.1701  -766.556
 37  36    426.7    116.3   0.0048   0.0893   0.0534   0.0686   0.0534  -767.386
 38   1    430.3    112.7   0.0050   0.1017   0.0492   0.0752   0.0492  -769.425
 38   2    426.1    116.9   0.0048   0.1371   0.0348   0.0998   0.0348  -786.921
 38   3    426.1    116.9   0.0048   0.1371   0.0348   0.0998   0.0348  -786.921
 38   4    429.5    113.5   0.0047   0.0918   0.0516   0.0688   0.0516  -764.115
 38   5    426.1    116.9   0.0048   0.1371   0.0348   0.0998   0.0348  -786.921
 38   6    426.1    116.9   0.0048   0.1371   0.0348   0.0998   0.0348  -786.921
 38   7    430.2    112.8   0.0218   0.1118   0.1949   0.1215   0.1949  -812.487
 38   8    426.1    116.9   0.0048   0.1371   0.0348   0.0998   0.0348  -786.921
 38   9    429.4    113.6   0.0047   0.0815   0.0581   0.0623   0.0581  -764.156
 38  10    428.2    114.8   0.0074   0.1493   0.0495   0.1122   0.0495  -795.059
 38  11    433.1    109.9   0.0000   0.0000   0.8819   0.0000   0.8819  -702.282
 38  12    431.0    112.0   0.0001   0.1117   0.0010   0.0694   0.0010  -755.121
 38  13    430.3    112.7   0.0050   0.1017   0.0492   0.0752   0.0492  -769.425
 38  14    433.1    109.9   0.0000   0.0000   0.8936   0.0000   0.8936  -702.282
 38  15    428.9    114.1   0.0047   0.0908   0.0521   0.0684   0.0521  -768.292
 38  16    428.9    114.1   0.0047   0.0908   0.0521   0.0684   0.0521  -768.292
 38  17    429.5    113.5   0.0047   0.0918   0.0516   0.0688   0.0516  -764.115
 38  18    430.3    112.7   0.0050   0.1017   0.0492   0.0752   0.0492  -769.425
 38  19    430.7    112.3   0.0075   0.0913   0.0825   0.0746   0.0825  -771.359
 38  20    429.4    113.6   0.0001   0.0812   0.0010   0.0511   0.0010  -748.425
 38  21    430.1    112.9   0.0217   0.1430   0.1520   0.1408   0.1520  -819.878
 38  22    429.7    113.3   0.0249   0.1493   0.1669   0.1526   0.1669  -834.401
 38  23    431.1    111.9   0.0071   0.1130   0.0626   0.0867   0.0626  -778.213
 38  24    428.2    114.8   0.0074   0.1493   0.0495   0.1122   0.0495  -795.059
 38  25    430.8    112.2   0.0024   0.1125   0.0210   0.0753   0.0210  -763.392
 38  26    426.6    116.4   0.0048   0.1276   0.0373   0.0933   0.0373  -783.733
 38  27    429.5    113.5   0.0047   0.0918   0.0516   0.0688   0.0516  -764.115
 38  28    428.6    114.4   0.0267   0.1509   0.1771   0.1586   0.1771  -837.954
 38  29    428.2    114.8   0.0243   0.1606   0.1510   0.1593   0.1510  -835.342
 38  30    429.7    113.3   0.0075   0.0909   0.0828   0.0748   0.0828  -773.416
 38  31    426.6    116.4   0.0048   0.1276   0.0373   0.0933   0.0373  -783.733
 38  32    431.0    112.0   0.0001   0.1117   0.0010   0.0694   0.0010  -755.121
 38  33    428.7    114.3   0.0001   0.1194   0.0010   0.0757   0.0010  -763.660
 38  34    429.0    114.0   0.0047   0.0725   0.0654   0.0569   0.0654  -757.892
 38  35    430.8    112.2   0.0024   0.1125   0.0210   0.0753   0.0210  -763.392
 38  36    428.2    114.8   0.0074   0.1493   0.0495   0.1122   0.0495  -795.059
 38  37    431.5    111.5   0.0076   0.0821   0.0920   0.0686   0.0920  -767.819
 39   1    426.0    117.0   0.0228   0.1240   0.1838   0.1338   0.1838  -825.717
 39   2    422.0    121.0   0.0221   0.1623   0.1364   0.1601   0.1364  -841.508
 39   3    422.0    121.0   0.0221   0.1623   0.1364   0.1601   0.1364  -841.508
 39   4    425.2    117.8   0.0221   0.1158   0.1908   0.1273   0.1908  -820.910
 39   5    422.0    121.0   0.0221   0.1623   0.1364   0.1601   0.1364  -841.508
 39   6    422.0    121.0   0.0221   0.1623   0.1364   0.1601   0.1364  -841.508
 39   7    426.2    116.8   0.0048   0.0619   0.0769   0.0511   0.0769  -757.595
 39   8    422.0    121.0   0.0221   0.1623   0.1364   0.1601   0.1364  -841.508
 39   9    425.0    118.0   0.0220   0.1456   0.1509   0.1465   0.1509  -833.590
 39  10    424.0    119.0   0.0251   0.1945   0.1288   0.1866   0.1288  -854.552
 39  11    428.6    114.4   0.0169   0.1406   0.1200   0.1289   0.1200  -815.449
 39  12    426.7    116.3   0.0170   0.1574   0.1077   0.1412   0.1077  -822.344
 39  13    426.0    117.0   0.0228   0.1240   0.1838   0.1338   0.1838  -825.717
 39  14    428.6    114.4   0.0169   0.1406   0.1200   0.1289   0.1200  -815.449
 39  15    424.6    118.4   0.0220   0.1351   0.1631   0.1400   0.1631  -830.794
 39  16    424.6    118.4   0.0220   0.1351   0.1631   0.1400   0.1631  -830.794
 39  17    425.2    117.8   0.0221   0.1158   0.1908   0.1273   0.1908  -820.910
 39  18    426.0    117.0   0.0228   0.1240   0.1838   0.1338   0.1838  -825.717
 39  19    426.5    116.5   0.0253   0.1343   0.1880   0.1460   0.1880  -833.102
 39  20    425.1    117.9   0.0170   0.1463   0.1163   0.1353   0.1163  -823.140
 39  21    426.1    116.9   0.0097   0.0887   0.1097   0.0802   0.1097  -780.364
 39  22    425.6    117.4   0.0076   0.0984   0.0768   0.0816   0.0768  -780.621
 39  23    426.8    116.2   0.0249   0.0970   0.2571   0.1210   0.2571  -818.349
 39  24    424.0    119.0   0.0251   0.1945   0.1288   0.1866   0.1288  -854.552
 39  25    426.4    116.6   0.0195   0.1576   0.1234   0.1474   0.1234  -827.747
 39  26    422.5    120.5   0.0221   0.1529   0.1447   0.1535   0.1447  -838.245
 39  27    425.2    117.8   0.0221   0.1158   0.1908   0.1273   0.1908  -820.910
 39  28    424.6    118.4   0.0096   0.0433   0.2213   0.0508   0.2213  -761.865
 39  29    424.3    118.7   0.0072   0.1267   0.0566   0.0999   0.0566  -790.158
 39  30    425.4    117.6   0.0255   0.1131   0.2251   0.1333   0.2251  -828.460
 39  31    422.5    120.5   0.0221   0.1529   0.1447   0.1535   0.1447  -838.245
 39  32    426.7    116.3   0.0170   0.1574   0.1077   0.1412   0.1077  -822.344
 39  33    424.4    118.6   0.0170   0.1654   0.1030   0.1484   0.1030  -829.858
 39  34    424.7    118.3   0.0222   0.0962   0.2308   0.1149   0.2308  -814.958
 39  35    426.4    116.6   0.0195   0.1576   0.1234   0.1474   0.1234  -827.747
 39  36    424.0    119.0   0.0251   0.1945   0.1288   0.1866   0.1288  -854.552
 39  37    427.2    115.8   0.0253   0.1251   0.2020   0.1397   0.2020  -830.215
 39  38    428.6    114.4   0.0169   0.1406   0.1200   0.1289   0.1200  -815.449
 40   1    427.3    115.7   0.0053   0.0512   0.1029   0.0451   0.1029  -753.624
 40   2    423.2    119.8   0.0048   0.1240   0.0387   0.0932   0.0387  -786.918
 40   3    423.2    119.8   0.0048   0.1240   0.0387   0.0932   0.0387  -786.918
 40   4    426.5    116.5   0.0048   0.0614   0.0777   0.0507   0.0777  -756.451
 40   5    423.2    119.8   0.0048   0.1240   0.0387   0.0932   0.0387  -786.918
 40   6    423.2    119.8   0.0048   0.1240   0.0387   0.0932   0.0387  -786.918
 40   7    427.3    115.7   0.0220   0.0989   0.2225   0.1151   0.2225  -812.843
 40   8    423.2    119.8   0.0048   0.1240   0.0387   0.0932   0.0387  -786.918
 40   9    426.4    116.6   0.0048   0.0887   0.0537   0.0684   0.0537  -771.352
 40  10    425.3    117.7   0.0074   0.1557   0.0477   0.1187   0.0477  -801.513
 40  11    430.0    113.0   0.0001   0.0634   0.0010   0.0397   0.0010  -739.718
 40  12    428.0    115.0   0.0001   0.0991   0.0010   0.0632   0.0010  -755.195
 40  13    427.3    115.7   0.0053   0.0512   0.1029   0.0451   0.1029  -753.624
 40  14    430.0    113.0   0.0001   0.0631   0.0010   0.0395   0.0010  -739.718
 40  15    425.9    117.1   0.0048   0.0791   0.0603   0.0624   0.0603  -768.085
 40  16    425.9    117.1   0.0048   0.0791   0.0603   0.0624   0.0603  -768.085
 40  17    426.5    116.5   0.0048   0.0614   0.0777   0.0507   0.0777  -756.451
 40  18    427.3    115.7   0.0053   0.0512   0.1029   0.0451   0.1029  -753.624
 40  19    427.8    115.2   0.0077   0.0601   0.1289   0.0566   0.1289  -763.182
 40  20    426.4    116.6   0.0001   0.0886   0.0010   0.0573   0.0010  -756.084
 40  21    427.3    115.7   0.0222   0.1280   0.1734   0.1343   0.1734  -819.961
 40  22    426.8    116.2   0.0252   0.1345   0.1872   0.1457   0.1872  -834.774
 40  23    428.1    114.9   0.0072   0.1193   0.0605   0.0928   0.0605  -785.673
 40  24    425.3    117.7   0.0074   0.1557   0.0477   0.1187   0.0477  -801.513
 40  25    427.7    115.3   0.0024   0.0997   0.0238   0.0691   0.0238  -763.507
 40  26    423.7    119.3   0.0048   0.1148   0.0418   0.0869   0.0418  -783.709
 40  27    426.5    116.5   0.0048   0.0614   0.0777   0.0507   0.0777  -756.451
 40  28    425.7    117.3   0.0270   0.1364   0.1976   0.1518   0.1976  -837.811
 40  29    425.4    117.6   0.0244   0.1888   0.1291   0.1799   0.1291  -847.341
 40  30    426.7    116.3   0.0079   0.0409   0.1941   0.0450   0.1941  -755.837
 40  31    423.7    119.3   0.0048   0.1148   0.0418   0.0869   0.0418  -783.709
 40  32    428.0    115.0   0.0001   0.0991   0.0010   0.0632   0.0010  -755.195
 40  33    425.7    117.3   0.0001   0.1067   0.0010   0.0694   0.0010  -763.880
 40  34    426.0    117.0   0.0048   0.0433   0.1103   0.0392   0.1103  -749.329
 40  35    427.7    115.3   0.0024   0.0997   0.0238   0.0691   0.0238  -763.507
 40  36    425.3    117.7   0.0074   0.1557   0.0477   0.1187   0.0477  -801.513
 40  37    428.5    114.5   0.0077   0.0701   0.1093   0.0625   0.1093  -767.812
 40  38    430.0    113.0   0.0001   0.0631   0.0010   0.0395   0.0010  -739.718
 40  39    425.7    117.3   0.0171   0.1068   0.1599   0.1094   0.1599  -808.888
 41   1    428.2    114.8   0.0074   0.1293   0.0575   0.0996   0.0575  -790.134
 41   2    424.0    119.0   0.0072   0.0784   0.0918   0.0684   0.0918  -772.805
 41   3    424.0    119.0   0.0072   0.0784   0.0918   0.0684   0.0918  -772.805
 41   4    427.4    115.6   0.0072   0.1190   0.0601   0.0929   0.0601  -785.101
 41   5    424.0    119.0   0.0072   0.0784   0.0918   0.0684   0.0918  -772.805
 41   6    424.0    119.0   0.0072   0.0784   0.0918   0.0684   0.0918  -772.805
 41   7    428.1    114.9   0.0243   0.1398   0.1739   0.1463   0.1739  -831.739
 41   8    424.0    119.0   0.0072   0.0784   0.0918   0.0684   0.0918  -772.805
 41   9    427.3    115.7   0.0071   0.0528   0.1352   0.0506   0.1352  -758.102
 41  10    426.1    116.9   0.0102   0.0687   0.1484   0.0683   0.1484  -773.679
 41  11    430.9    112.1   0.0024   0.0828   0.0284   0.0568   0.0284  -755.465
 41  12    428.9    114.1   0.0024   0.0818   0.0289   0.0572   0.0289  -757.217
 41  13    428.2    114.8   0.0074   0.1293   0.0575   0.0996   0.0575  -790.134
 41  14    430.9    112.1   0.0024   0.0828   0.0284   0.0568   0.0284  -755.465
 41  15    426.9    116.1   0.0071   0.0618   0.1156   0.0565   0.1156  -762.594
 41  16    426.9    116.1   0.0071   0.0618   0.1156   0.0565   0.1156  -762.594
 41  17    427.4    115.6   0.0072   0.1190   0.0601   0.0929   0.0601  -785.101
 41  18    428.2    114.8   0.0074   0.1293   0.0575   0.0996   0.0575  -790.134
 41  19    428.6    114.4   0.0099   0.1190   0.0835   0.0987   0.0835  -792.008
 41  20    427.3    115.7   0.0024   0.0528   0.0449   0.0394   0.0449  -744.192
 41  21    428.0    115.0   0.0243   0.1715   0.1416   0.1663   0.1416  -838.411
 41  22    427.6    115.4   0.0223   0.1787   0.1250   0.1667   0.1250  -842.579
 41  23    429.0    114.0   0.0095   0.1409   0.0674   0.1112   0.0674  -798.143
 41  24    426.1    116.9   0.0102   0.0687   0.1484   0.0683   0.1484  -773.679
 41  25    428.7    114.3   0.0047   0.0819   0.0579   0.0630   0.0579  -764.053
 41  26    424.5    118.5   0.0072   0.0695   0.1034   0.0624   0.1034  -769.051
 41  27    427.4    115.6   0.0072   0.1190   0.0601   0.0929   0.0601  -785.101
 41  28    426.6    116.4   0.0293   0.1790   0.1638   0.1843   0.1638  -855.798
 41  29    426.1    116.9   0.0268   0.1997   0.1343   0.1921   0.1343  -855.655
 41  30    427.6    115.4   0.0098   0.1598   0.0616   0.1251   0.0616  -805.029
 41  31    424.5    118.5   0.0072   0.0695   0.1034   0.0624   0.1034  -769.051
 41  32    428.9    114.1   0.0024   0.0818   0.0289   0.0572   0.0289  -757.217
 41  33    426.6    116.4   0.0024   0.0525   0.0453   0.0394   0.0453  -746.943
 41  34    426.9    116.1   0.0072   0.1389   0.0515   0.1060   0.0515  -791.047
 41  35    428.7    114.3   0.0047   0.0819   0.0579   0.0630   0.0579  -764.053
 41  36    426.1    116.9   0.0102   0.0687   0.1484   0.0683   0.1484  -773.679
 41  37    429.4    113.6   0.0050   0.1108   0.0449   0.0813   0.0449  -776.304
 41  38    430.9    112.1   0.0024   0.0828   0.0284   0.0568   0.0284  -755.465
 41  39    426.5    116.5   0.0194   0.2121   0.0913   0.1821   0.0913  -843.757
 41  40    427.9    115.1   0.0024   0.1294   0.0183   0.0879   0.0183  -775.552
 42   1    423.5    119.5   0.0100   0.1332   0.0750   0.1113   0.0750  -803.129
 42   2    419.6    123.4   0.0000   0.0000   0.7520   0.0000   0.7520  -712.223
 42   3    419.6    123.4   0.0000   0.0000  99.0000   0.0000  99.0000  -712.223
 42   4    422.7    120.3   0.0097   0.1235   0.0783   0.1046   0.0783  -798.249
 42   5    419.6    123.4   0.0000   0.0000  99.0000   0.0000  99.0000  -712.223
 42   6    419.6    123.4   0.0000   0.0000   0.8719   0.0000   0.8719  -712.223
 42   7    423.6    119.4   0.0271   0.1442   0.1880   0.1586   0.1880  -843.863
 42   8    419.6    123.4   0.0000   0.0000  99.0000   0.0000  99.0000  -712.223
 42   9    422.6    120.4   0.0048   0.0509   0.0945   0.0451   0.0945  -754.925
 42  10    421.5    121.5   0.0078   0.0574   0.1356   0.0567   0.1356  -767.868
 42  11    426.1    116.9   0.0048   0.1371   0.0348   0.0998   0.0348  -786.921
 42  12    424.1    118.9   0.0048   0.1058   0.0453   0.0807   0.0453  -778.532
 42  13    423.5    119.5   0.0100   0.1332   0.0750   0.1113   0.0750  -803.129
 42  14    426.1    116.9   0.0048   0.1371   0.0348   0.0998   0.0348  -786.921
 42  15    422.2    120.8   0.0048   0.0420   0.1145   0.0393   0.1145  -751.063
 42  16    422.2    120.8   0.0048   0.0420   0.1145   0.0393   0.1145  -751.063
 42  17    422.7    120.3   0.0097   0.1235   0.0783   0.1046   0.0783  -798.249
 42  18    423.5    119.5   0.0100   0.1332   0.0750   0.1113   0.0750  -803.129
 42  19    423.9    119.1   0.0125   0.1432   0.0870   0.1234   0.0870  -811.224
 42  20    422.6    120.4   0.0048   0.0510   0.0942   0.0451   0.0942  -755.647
 42  21    423.5    119.5   0.0223   0.1739   0.1281   0.1669   0.1281  -841.057
 42  22    423.1    119.9   0.0304   0.1605   0.1891   0.1773   0.1891  -857.961
 42  23    424.3    118.7   0.0122   0.1444   0.0843   0.1233   0.0843  -811.132
 42  24    421.5    121.5   0.0078   0.0574   0.1356   0.0567   0.1356  -767.868
 42  25    423.9    119.1   0.0072   0.1060   0.0681   0.0866   0.0681  -784.862
 42  26    420.0    123.0   0.0000   0.0082   0.0010   0.0056   0.0010  -718.533
 42  27    422.7    120.3   0.0097   0.1235   0.0783   0.1046   0.0783  -798.249
 42  28    422.0    121.0   0.0272   0.1419   0.1918   0.1584   0.1918  -846.056
 42  29    421.8    121.2   0.0247   0.1626   0.1516   0.1663   0.1516  -846.375
 42  30    422.9    120.1   0.0075   0.1531   0.0487   0.1190   0.0487  -804.619
 42  31    420.0    123.0   0.0000   0.0081   0.0010   0.0055   0.0010  -718.533
 42  32    424.1    118.9   0.0048   0.1058   0.0453   0.0807   0.0453  -778.532
 42  33    421.9    121.1   0.0048   0.0419   0.1150   0.0393   0.1150  -753.044
 42  34    422.2    120.8   0.0048   0.1330   0.0362   0.1000   0.0362  -790.148
 42  35    423.9    119.1   0.0072   0.1060   0.0681   0.0866   0.0681  -784.862
 42  36    421.5    121.5   0.0078   0.0574   0.1356   0.0567   0.1356  -767.868
 42  37    424.7    118.3   0.0125   0.1344   0.0928   0.1171   0.0928  -808.294
 42  38    426.1    116.9   0.0048   0.1371   0.0348   0.0998   0.0348  -786.921
 42  39    422.0    121.0   0.0221   0.1623   0.1364   0.1601   0.1364  -841.508
 42  40    423.2    119.8   0.0048   0.1240   0.0387   0.0932   0.0387  -786.918
 42  41    424.0    119.0   0.0072   0.0784   0.0918   0.0684   0.0918  -772.805
 43   1    428.3    114.7   0.0052   0.0607   0.0858   0.0508   0.0858  -754.948
 43   2    424.1    118.9   0.0048   0.1058   0.0453   0.0807   0.0453  -778.532
 43   3    424.1    118.9   0.0048   0.1058   0.0453   0.0807   0.0453  -778.532
 43   4    427.4    115.6   0.0048   0.0525   0.0907   0.0448   0.0907  -749.162
 43   5    424.1    118.9   0.0048   0.1058   0.0453   0.0807   0.0453  -778.532
 43   6    424.1    118.9   0.0048   0.1058   0.0453   0.0807   0.0453  -778.532
 43   7    428.2    114.8   0.0219   0.1091   0.2011   0.1211   0.2011  -815.379
 43   8    424.1    118.9   0.0048   0.1058   0.0453   0.0807   0.0453  -778.532
 43   9    427.4    115.6   0.0048   0.0991   0.0480   0.0745   0.0480  -772.244
 43  10    426.2    116.8   0.0076   0.0782   0.0977   0.0685   0.0977  -771.193
 43  11    431.0    112.0   0.0001   0.1117   0.0010   0.0694   0.0010  -755.121
 43  12    428.9    114.1   0.0000   0.0000   0.7570   0.0000   0.7570  -703.156
 43  13    428.3    114.7   0.0052   0.0607   0.0858   0.0508   0.0858  -754.948
 43  14    431.0    112.0   0.0001   0.1117   0.0010   0.0694   0.0010  -755.121
 43  15    426.9    116.1   0.0048   0.0892   0.0533   0.0685   0.0533  -769.088
 43  16    426.9    116.1   0.0048   0.0892   0.0533   0.0685   0.0533  -769.088
 43  17    427.4    115.6   0.0048   0.0525   0.0907   0.0448   0.0907  -749.162
 43  18    428.3    114.7   0.0052   0.0607   0.0858   0.0508   0.0858  -754.948
 43  19    428.7    114.3   0.0077   0.0698   0.1102   0.0623   0.1102  -764.335
 43  20    427.3    115.7   0.0001   0.0989   0.0010   0.0634   0.0010  -756.912
 43  21    428.2    114.8   0.0221   0.1381   0.1604   0.1400   0.1604  -822.830
 43  22    427.8    115.2   0.0251   0.1458   0.1722   0.1522   0.1722  -834.659
 43  23    429.1    113.9   0.0072   0.1095   0.0659   0.0861   0.0659  -781.413
 43  24    426.2    116.8   0.0076   0.0782   0.0977   0.0685   0.0977  -771.193
 43  25    428.7    114.3   0.0024   0.0174   0.1359   0.0166   0.1359  -723.170
 43  26    424.6    118.4   0.0048   0.0967   0.0495   0.0745   0.0495  -775.135
 43  27    427.4    115.6   0.0048   0.0525   0.0907   0.0448   0.0907  -749.162
 43  28    426.6    116.4   0.0270   0.1264   0.2134   0.1448   0.2134  -833.981
 43  29    426.3    116.7   0.0244   0.1679   0.1453   0.1656   0.1453  -838.583
 43  30    427.7    115.3   0.0076   0.0887   0.0854   0.0744   0.0854  -772.345
 43  31    424.6    118.4   0.0048   0.0967   0.0495   0.0745   0.0495  -775.135
 43  32    428.9    114.1   0.0000   0.0000   0.8440   0.0000   0.8440  -703.156
 43  33    426.6    116.4   0.0001   0.0611   0.0010   0.0394   0.0010  -742.184
 43  34    426.9    116.1   0.0048   0.0893   0.0534   0.0685   0.0534  -766.268
 43  35    428.7    114.3   0.0024   0.0174   0.1359   0.0166   0.1359  -723.170
 43  36    426.2    116.8   0.0076   0.0782   0.0977   0.0685   0.0977  -771.193
 43  37    429.5    113.5   0.0077   0.0607   0.1275   0.0564   0.1275  -760.650
 43  38    431.0    112.0   0.0001   0.1117   0.0010   0.0694   0.0010  -755.121
 43  39    426.7    116.3   0.0170   0.1574   0.1077   0.1412   0.1077  -822.344
 43  40    428.0    115.0   0.0001   0.0993   0.0010   0.0633   0.0010  -755.195
 43  41    428.9    114.1   0.0024   0.0818   0.0289   0.0572   0.0289  -757.217
 43  42    424.1    118.9   0.0048   0.1058   0.0453   0.0807   0.0453  -778.532

