Supplemental results for CODEML (seqf: PF11112.8.pal2nal  treef: collapsed_otu5.nwk)


pairwise comparison (Goldman & Yang 1994)
seq seq        N       S       dN       dS     dN/dS   Paras.
  2   1    205.8     34.2   0.0002   0.1748   0.0010   0.0752   0.0010  -327.417
  3   1    205.0     35.0   0.0001   0.1409   0.0010   0.0620   0.0010  -325.185
  3   2    208.2     31.8   0.0000   0.0290   0.0010   0.0116   0.0010  -305.687
  4   1    205.8     34.2   0.0002   0.1748   0.0010   0.0752   0.0010  -327.417
  4   2    209.0     31.0   0.0000   0.0000   0.9750   0.0000   0.9750  -298.956
  4   3    208.2     31.8   0.0000   0.0290   0.0010   0.0116   0.0010  -305.687
  5   1    205.0     35.0   0.0001   0.0817   0.0010   0.0360   0.0010  -317.823
  5   2    208.2     31.8   0.0001   0.0904   0.0010   0.0362   0.0010  -315.425
  5   3    207.4     32.6   0.0001   0.1190   0.0010   0.0488   0.0010  -319.832
  5   4    208.2     31.8   0.0001   0.0904   0.0010   0.0362   0.0010  -315.425

